# y_true	y_pred
1.512379e-01 -1.868990e-02
-3.785461e-01 4.904571e-02
-1.369436e-01 -1.339106e-02
-7.053213e-02 -2.094222e-02
4.972574e-01 2.936040e-01
7.717687e-01 3.936772e-01
-6.711182e-02 3.696173e-02
6.229753e-01 3.037097e-01
-5.532954e-02 -4.285978e-02
1.236821e-01 -6.101397e-02
2.527400e-01 -3.663668e-02
4.228880e-01 -7.337974e-02
5.524879e-01 2.318262e-01
2.732571e-01 4.424321e-02
7.474365e-02 1.572450e-01
2.376078e-01 3.358672e-01
2.009911e-01 3.598892e-01
5.471280e-01 2.873653e-01
2.866153e-01 3.435557e-01
4.988064e-01 3.433244e-01
3.671417e-01 3.771221e-01
2.306888e-01 4.359484e-02
7.896546e-01 8.967607e-02
2.863338e-01 6.793505e-02
2.118585e-01 2.267789e-01
7.151245e-01 1.117995e-01
6.942325e-01 3.473726e-01
7.137619e-01 3.994902e-01
-1.330901e-01 2.314479e-02
-1.355640e-01 -9.089688e-03
2.695064e-01 1.683143e-01
5.260564e-01 1.318590e-01
2.624670e-01 6.486680e-02
-1.797736e-01 -5.334461e-02
3.948034e-01 2.599736e-01
1.789289e-01 8.432364e-02
1.889451e-03 -5.567743e-02
2.399958e-01 -5.993590e-02
5.621637e-02 -9.355502e-02
2.866284e-01 -8.247700e-02
8.904018e-02 -7.774389e-02
3.098297e-03 -8.458471e-02
5.111475e-01 -8.404601e-02
5.370579e-01 3.641488e-02
5.714530e-01 -2.081481e-02
3.997481e-02 2.334119e-02
2.844734e-01 6.792546e-02
3.354477e-01 1.875097e-01
9.665071e-02 -3.449067e-02
1.496252e-01 -3.285592e-02
-1.052013e-01 -2.741147e-02
1.590879e-01 -3.290841e-03
2.857326e-01 3.688107e-01
2.217712e-01 3.320658e-01
7.774955e-01 3.612217e-01
2.734108e-02 9.057429e-02
3.314284e-01 2.003922e-01
-2.088617e-01 7.186894e-02
3.981824e-01 2.179281e-01
1.419763e-01 3.488971e-01
8.671294e-01 2.295980e-01
4.588498e-01 2.641896e-01
1.150845e-01 2.655500e-01
3.859948e-01 1.234424e-01
9.071803e-02 -2.597140e-03
2.028458e-01 8.948326e-02
1.339827e-01 1.569912e-01
6.015090e-01 1.735715e-01
7.090737e-01 -4.925871e-03
3.051456e-01 8.412051e-02
6.678360e-01 6.445329e-02
4.516238e-01 2.231307e-01
2.192869e-01 2.634258e-01
6.630879e-01 2.814526e-01
2.936209e-01 5.037542e-04
2.212631e-01 7.008687e-02
4.909440e-01 3.122945e-01
8.069880e-01 1.902946e-01
2.131047e-02 9.552514e-03
4.015770e-01 3.591689e-01
4.764066e-01 3.634897e-01
7.163138e-01 3.280253e-01
2.521564e-02 2.402673e-01
-8.056996e-02 2.111095e-01
6.200997e-01 3.903768e-01
6.198707e-01 3.386847e-01
6.727690e-02 3.993255e-02
-1.262309e-01 7.805134e-02
-3.396739e-02 5.953335e-02
2.839455e-01 -2.367367e-02
-9.760278e-02 -6.288687e-03
-1.750223e-01 -1.809658e-02
5.978767e-01 -5.984303e-02
5.328885e-03 2.170051e-02
1.195602e-01 1.401070e-02
-1.415496e-01 -1.141520e-02
-1.616937e-01 1.747331e-03
-2.753853e-01 -3.321449e-02
-3.006429e-01 -4.538239e-02
-2.334194e-01 -2.636395e-02
-2.070661e-01 -3.900712e-02
1.649226e-02 -5.695227e-02
-4.264005e-02 -1.264926e-02
-1.809532e-01 -2.909031e-02
-1.652494e-01 -2.902299e-02
-2.681589e-01 1.987064e-02
3.809384e-01 2.521918e-01
9.366692e-02 1.752321e-01
-7.243019e-02 -2.737103e-02
1.296375e-01 1.206642e-01
-4.114939e-01 8.781616e-02
-3.252830e-01 2.440035e-01
-3.669981e-01 1.783297e-01
-2.580782e-01 7.508035e-02
-4.563108e-02 2.149242e-01
8.309293e-02 2.302395e-01
-3.111283e-01 6.246653e-02
2.592397e-01 2.630442e-01
-2.585294e-02 1.364084e-01
-2.108664e-01 1.014790e-01
8.174257e-02 1.024340e-01
2.895345e-01 6.714435e-02
7.706229e-04 1.058606e-01
-1.046099e-01 1.066239e-01
-2.145134e-01 -2.575824e-02
-1.716332e-01 1.614640e-02
1.267413e-01 5.119745e-02
3.493749e-03 1.150144e-01
1.738389e-02 6.661890e-03
2.896064e-02 -4.719643e-02
2.074705e-01 2.736774e-01
1.151714e-01 3.180797e-01
2.234281e-01 2.465632e-01
1.761597e-01 2.167183e-01
3.564390e-01 2.740441e-01
-6.243627e-02 8.291321e-02
4.166984e-01 7.755733e-02
2.382095e-02 3.309891e-02
2.882854e-01 -2.826979e-02
3.203502e-01 1.297491e-01
4.437629e-03 -5.446623e-02
1.291277e-03 3.190607e-02
-1.329224e-01 -6.314749e-02
7.135613e-01 -1.053810e-02
2.796799e-01 4.121667e-01
4.649604e-01 1.318205e-01
7.388509e-01 1.837047e-01
5.816444e-01 1.235606e-01
8.219484e-01 1.484126e-01
1.577306e-01 1.455068e-01
7.015185e-01 4.789628e-01
3.029225e-01 2.745330e-01
2.400494e-01 9.429008e-02
-2.363434e-02 -5.388866e-02
4.850849e-01 2.708169e-01
7.047934e-01 2.712381e-01
2.081514e-01 3.307620e-02
-3.323877e-02 3.243437e-03
-8.326693e-02 1.451457e-02
2.707308e-02 -8.247060e-02
2.790725e-01 -8.954149e-02
2.099292e-01 -8.974440e-02
-1.453433e-01 -6.644821e-02
-8.240102e-02 -3.334145e-02
2.609931e-01 -2.662738e-02
2.281564e-01 -6.481664e-02
2.245569e-01 1.836451e-01
-1.440495e-01 3.263270e-03
1.740188e-01 1.459028e-01
-2.366683e-01 -3.197649e-02
-1.291842e-01 6.583126e-02
3.493647e-01 2.461572e-01
2.983362e-01 2.987429e-01
-3.169822e-01 9.545197e-02
3.200227e-01 3.138279e-01
3.036804e-01 3.232856e-01
4.894881e-01 2.491995e-01
8.162181e-01 2.517880e-01
6.722239e-01 3.354879e-01
2.321887e-01 2.649751e-01
5.253726e-01 3.789622e-01
4.425592e-01 3.577603e-01
4.583696e-01 3.277043e-01
2.900642e-01 3.422637e-01
4.144662e-01 3.841667e-01
4.323732e-01 5.377673e-02
2.702837e-01 5.740505e-02
4.992669e-01 1.356741e-01
3.912739e-01 2.404196e-01
6.227055e-01 1.031129e-01
2.022654e-01 1.735879e-01
1.784363e-01 1.868318e-01
7.223478e-02 1.994837e-01
3.692813e-01 2.012096e-01
7.857082e-01 7.331955e-02
4.311567e-01 1.358075e-01
9.033916e-01 1.973242e-01
4.938287e-01 7.319771e-02
4.831137e-01 1.824667e-01
5.683808e-01 4.378071e-01
1.006166e-01 3.986097e-01
5.227411e-01 3.481328e-01
6.595057e-01 4.458095e-01
8.407769e-01 4.155652e-01
1.122737e-01 3.715260e-01
7.961565e-01 4.141879e-01
6.328203e-01 3.898656e-01
7.011920e-01 3.568361e-01
5.060559e-01 5.945126e-01
1.986083e-01 4.075838e-01
5.461487e-01 3.798637e-01
-4.298025e-02 1.403949e-02
-1.468621e-01 1.493705e-01
7.509177e-02 7.340205e-02
1.311300e-01 6.580131e-02
-2.411290e-02 6.017634e-02
2.086556e-01 2.076686e-01
2.495841e-01 -5.966565e-02
2.961310e-01 -3.863537e-02
9.248730e-02 3.959440e-02
-2.774698e-02 -1.471699e-02
-2.823977e-01 -3.055881e-02
-1.835376e-01 -4.362614e-02
-4.734324e-02 -1.637749e-02
1.297065e-01 -2.703763e-02
1.454053e-02 -3.311981e-02
1.459840e-01 -5.365590e-02
-2.363099e-01 6.151626e-02
-7.168804e-02 5.334139e-02
-3.496606e-01 1.739819e-02
-1.619673e-01 1.476216e-01
1.375970e-01 3.213205e-01
3.321847e-01 2.428527e-01
8.535252e-02 2.508571e-01
1.577337e-01 2.071037e-01
4.431593e-01 3.369253e-01
-1.155651e-01 2.471618e-01
-2.295204e-01 1.629762e-01
2.563408e-01 9.022246e-02
3.486379e-01 1.880833e-01
3.843348e-01 7.698091e-02
2.693682e-01 5.722851e-02
-1.008075e-01 -1.423938e-02
4.981190e-02 5.936285e-03
-7.876517e-02 9.609831e-03
-1.030673e-01 1.321743e-01
2.295996e-01 2.363242e-01
-5.210047e-02 3.038934e-02
2.974446e-02 1.488460e-01
2.988428e-01 1.717545e-01
2.073328e-01 2.577175e-01
1.836092e-01 1.903456e-01
1.285179e-01 1.999526e-01
4.669628e-01 3.037978e-01
5.216161e-01 2.248751e-01
1.885040e-01 2.044277e-01
