# y_true	y_pred
-2.156648e-01 -2.895281e-01
-5.221321e-01 -3.136548e-01
-2.154007e-01 -2.220674e-01
-3.989875e-01 -3.330087e-01
-3.863947e-01 -1.941409e-01
-1.345828e-01 -1.673422e-01
-3.622930e-01 -3.400598e-01
-3.218086e-02 -2.001360e-01
-3.537003e-01 -3.687123e-01
-2.712034e-01 -3.723530e-01
-1.525512e-01 -3.701186e-01
2.288604e-01 -3.766424e-01
3.154872e-01 -2.016666e-01
-1.543902e-01 -3.262474e-01
-1.592828e-01 -2.688564e-01
-1.163237e-02 -1.696434e-01
2.429931e-02 -1.723997e-01
2.060520e-01 -1.938544e-01
9.826141e-02 -1.759793e-01
5.107141e-01 -1.870252e-01
1.860520e-01 -1.736454e-01
-1.053517e-01 -2.698856e-01
1.640672e-01 -2.516999e-01
-9.065443e-03 -2.758583e-01
-2.946069e-01 -1.747644e-01
2.306120e-02 -2.221482e-01
-1.953086e-01 -1.679356e-01
-2.638662e-01 -1.611408e-01
-4.366141e-01 -3.240776e-01
-5.399615e-01 -3.578370e-01
-2.509861e-01 -2.340751e-01
3.969499e-02 -2.666869e-01
-4.448196e-02 -2.951565e-01
-4.526486e-01 -3.725046e-01
-8.485929e-02 -2.287697e-01
-3.431423e-01 -3.120077e-01
-2.326843e-01 -3.722195e-01
5.670030e-02 -3.710400e-01
-1.841994e-01 -3.799064e-01
-5.773502e-02 -3.787364e-01
-8.915616e-02 -3.760535e-01
-3.663015e-01 -3.792161e-01
2.669725e-01 -3.788577e-01
2.316469e-01 -3.239792e-01
3.239547e-01 -3.564589e-01
-9.013799e-02 -2.920971e-01
8.937661e-02 -2.943280e-01
1.660158e-01 -2.128716e-01
-2.784731e-01 -3.600989e-01
-1.103550e-01 -3.671138e-01
-3.421774e-01 -3.453090e-01
-7.614249e-02 -3.492912e-01
1.028270e-01 -1.661609e-01
-4.639541e-02 -1.688144e-01
5.587068e-01 -1.632094e-01
-2.191055e-01 -2.652919e-01
8.843492e-02 -2.082189e-01
-4.781057e-01 -2.768300e-01
-5.182606e-02 -1.808366e-01
-1.378927e-01 -1.719716e-01
6.183396e-01 -1.902749e-01
3.287254e-03 -1.662467e-01
-1.041412e-01 -1.690494e-01
-3.642393e-01 -2.440787e-01
-2.536969e-01 -2.702603e-01
-2.868639e-01 -2.498490e-01
-2.030008e-01 -2.124610e-01
1.220451e-01 -1.733439e-01
1.934948e-01 -2.801219e-01
-2.921463e-01 -2.239164e-01
1.032735e-01 -2.384552e-01
-1.807683e-01 -1.804469e-01
-3.352445e-01 -1.811439e-01
-1.218111e-01 -1.756256e-01
-7.808822e-02 -2.509671e-01
-2.242591e-01 -2.207913e-01
-2.296435e-01 -1.733048e-01
-7.719433e-02 -2.001853e-01
-3.087031e-01 -2.777849e-01
-1.186632e-01 -1.669338e-01
-1.974716e-01 -1.646888e-01
-2.844279e-02 -1.675446e-01
-4.451957e-01 -1.912732e-01
-6.036237e-01 -1.865240e-01
-3.088862e-01 -1.620844e-01
5.432876e-02 -1.665739e-01
-1.708183e-01 -2.486898e-01
-4.948730e-01 -2.564001e-01
-5.439021e-01 -2.248990e-01
1.266018e-02 -3.223155e-01
-4.520188e-01 -3.112300e-01
-4.372142e-01 -3.319340e-01
3.761793e-01 -3.659158e-01
-1.190588e-01 -2.967057e-01
-2.027111e-01 -2.921618e-01
-4.584963e-01 -2.998989e-01
-4.167448e-01 -3.045786e-01
-5.613575e-01 -3.342547e-01
-6.152913e-01 -3.360814e-01
-4.642516e-01 -3.413150e-01
-3.836599e-01 -3.349057e-01
-1.048863e-01 -3.546072e-01
-2.145207e-01 -3.239447e-01
-5.341391e-01 -3.415632e-01
-3.505828e-01 -3.422283e-01
-4.936548e-01 -3.312747e-01
-2.398667e-02 -1.787029e-01
-1.909934e-01 -2.001150e-01
-4.054908e-01 -3.451825e-01
-1.797005e-01 -2.443693e-01
-5.766122e-01 -3.057505e-01
-4.893161e-01 -1.882871e-01
-5.231435e-01 -2.241435e-01
-3.915517e-01 -2.438736e-01
-3.156532e-01 -1.939507e-01
-1.725182e-01 -2.077387e-01
-6.204833e-01 -2.835436e-01
-1.570855e-01 -1.765589e-01
-1.715593e-01 -2.155425e-01
-4.029085e-01 -1.841888e-01
-1.520130e-01 -1.933644e-01
1.319069e-01 -2.107289e-01
-3.743203e-01 -1.896534e-01
-4.046416e-01 -1.968704e-01
-4.591973e-01 -2.644989e-01
-5.249863e-01 -3.061712e-01
-5.634524e-01 -2.927714e-01
-3.411172e-01 -2.369571e-01
-2.884185e-01 -2.696605e-01
-1.207022e-01 -3.129541e-01
-3.322012e-01 -2.068772e-01
-3.969868e-01 -1.791876e-01
-2.436969e-01 -2.002365e-01
-5.863665e-01 -2.314994e-01
-3.331657e-01 -2.101966e-01
-7.302352e-01 -2.783200e-01
-2.568126e-01 -2.640127e-01
-3.058717e-01 -1.930783e-01
2.509898e-01 -2.294468e-01
-3.034190e-01 -2.455099e-01
-2.215488e-01 -3.748193e-01
-2.157770e-01 -3.209230e-01
-4.603226e-01 -3.776362e-01
4.321859e-01 -3.491604e-01
4.652700e-02 -1.603953e-01
2.314291e-01 -2.073537e-01
-8.624526e-02 -1.835783e-01
-5.117641e-02 -2.167432e-01
1.066011e-01 -1.718860e-01
-5.074964e-01 -1.780298e-01
-8.279624e-02 -1.600110e-01
-2.566311e-01 -1.614464e-01
-2.018767e-01 -2.837274e-01
-3.172757e-01 -3.731085e-01
-1.169163e-01 -1.802295e-01
1.752067e-01 -1.825727e-01
1.550786e-03 -2.482962e-01
-4.726092e-01 -3.475790e-01
-3.998452e-01 -3.138440e-01
-4.082469e-01 -3.795297e-01
7.011618e-02 -3.810052e-01
-1.678383e-01 -3.801509e-01
-2.385234e-01 -3.776756e-01
-3.780537e-01 -3.716869e-01
-6.963514e-02 -3.319166e-01
1.898328e-02 -3.780476e-01
1.577850e-01 -1.847865e-01
-3.742724e-01 -2.650459e-01
5.700838e-02 -1.901085e-01
-5.335900e-01 -2.901295e-01
-3.461008e-01 -2.315454e-01
3.498301e-02 -1.702179e-01
2.639153e-01 -1.640638e-01
-5.601785e-01 -2.294839e-01
5.038625e-02 -1.613547e-01
6.877699e-02 -1.680603e-01
-3.641738e-02 -1.689943e-01
3.798447e-01 -1.654812e-01
3.895540e-01 -1.632850e-01
-1.325559e-01 -1.661217e-01
2.931870e-01 -1.593358e-01
1.850302e-01 -1.598777e-01
1.685194e-01 -1.596325e-01
3.238076e-02 -1.591905e-01
2.301359e-01 -1.593786e-01
-1.166960e-01 -2.029136e-01
-2.270315e-01 -2.048267e-01
-3.999821e-02 -1.718064e-01
-8.571038e-02 -1.677739e-01
1.082898e-01 -1.932871e-01
-2.867320e-01 -1.739788e-01
-8.304877e-02 -1.700910e-01
-2.732848e-01 -1.681792e-01
-3.773016e-01 -1.645762e-01
-5.395058e-02 -2.026790e-01
-3.317201e-02 -1.680178e-01
-1.439540e-01 -1.683331e-01
9.250590e-02 -1.823589e-01
-3.499578e-01 -1.638328e-01
-2.025847e-02 -1.624671e-01
-3.307038e-01 -1.597300e-01
-3.769148e-02 -1.860235e-01
6.998878e-02 -1.623382e-01
-1.520259e-01 -1.587407e-01
-2.916136e-01 -1.604230e-01
3.272596e-01 -1.594855e-01
-1.058048e-01 -1.588003e-01
-4.996995e-02 -1.598615e-01
-4.672308e-02 1.885123e-01
-3.299487e-01 -1.590852e-01
-8.215270e-02 -1.623605e-01
-5.815522e-01 -2.185246e-01
-4.916031e-01 -1.741010e-01
-3.431661e-01 -1.795494e-01
-1.332557e-01 -1.839568e-01
-5.787198e-01 -2.228699e-01
-2.753737e-01 -1.761653e-01
-1.103350e-01 -3.729104e-01
3.853357e-02 -3.581095e-01
-1.161541e-01 -2.398850e-01
-3.883447e-01 -3.165053e-01
-5.341947e-01 -3.192626e-01
-3.081073e-01 -3.260879e-01
-2.361808e-01 -3.032901e-01
-4.241026e-01 -3.334521e-01
-3.426019e-01 -3.250735e-01
-2.789668e-01 -3.483467e-01
-4.804076e-01 -2.742739e-01
-2.409075e-01 -3.073513e-01
-5.327447e-01 -2.934389e-01
-4.751878e-01 -2.099296e-01
-1.387047e-01 1.749819e-01
-5.428824e-02 -1.659225e-01
-8.395158e-02 -1.874925e-01
8.148114e-02 -2.063434e-01
7.149918e-02 -1.592257e-01
-2.819161e-01 -1.797814e-01
-3.852236e-01 -2.059788e-01
9.330756e-02 -1.732890e-01
-2.084435e-01 -1.665604e-01
1.397649e-01 -1.846390e-01
1.113933e-01 -1.778737e-01
-1.722507e-01 -2.305772e-01
-2.501549e-01 -2.378017e-01
-2.155438e-01 -2.336818e-01
-5.426140e-01 -1.845833e-01
-3.375789e-01 -1.732541e-01
-5.982506e-01 -2.996221e-01
-5.888249e-01 -1.914133e-01
-5.682263e-01 -1.865349e-01
-1.979428e-01 -1.704189e-01
-3.803564e-01 -1.882456e-01
-5.077892e-01 -1.864838e-01
-5.841483e-02 -1.731257e-01
-3.715516e-01 -1.796140e-01
-5.986008e-01 -1.804229e-01
