# y_true	y_pred
-1.083370e+00 -1.058246e+00
-1.191086e+00 -9.724714e-01
-1.359220e+00 -1.084388e+00
-1.248538e+00 -1.070112e+00
-1.259903e+00 -9.824758e-01
-9.363353e-01 -9.554694e-01
-1.123743e+00 -1.000967e+00
-9.671066e-01 -9.680140e-01
-1.172533e+00 -1.035502e+00
-1.192629e+00 -1.034261e+00
-1.006589e+00 -1.027009e+00
-5.231733e-01 -1.039419e+00
-6.566188e-01 -9.938477e-01
-1.153278e+00 -1.005616e+00
-1.070228e+00 -9.762413e-01
-1.816398e-01 -9.587852e-01
-8.297274e-01 -9.590020e-01
-1.294339e-01 -9.701506e-01
-7.359161e-01 -9.501767e-01
-1.555907e-01 -9.305611e-01
-2.134861e-01 -9.552823e-01
-7.824929e-01 -1.035684e+00
-1.058409e+00 -1.012800e+00
-6.200481e-01 -1.017730e+00
-1.104429e+00 -9.997246e-01
-1.255869e+00 -1.020776e+00
-1.013465e+00 -9.687390e-01
-1.067333e+00 -9.436517e-01
-1.235772e+00 -1.018011e+00
-8.993548e-01 -1.008305e+00
-1.177581e+00 -9.862041e-01
-8.454747e-01 -9.858497e-01
-7.282325e-01 -9.968904e-01
-1.205025e+00 -1.022540e+00
-1.040022e+00 -9.683337e-01
-1.050866e+00 -9.764818e-01
-8.570814e-01 -1.057864e+00
-6.497774e-01 -1.036359e+00
-9.142925e-01 -1.067330e+00
-9.892058e-01 -1.049637e+00
-7.612563e-01 -1.054351e+00
-1.154135e+00 -1.030870e+00
-5.139586e-01 -1.055574e+00
-6.616682e-01 -1.006164e+00
-4.807944e-01 -1.010462e+00
-9.970577e-01 -1.011537e+00
-9.340884e-01 -9.983361e-01
-8.185792e-01 -9.927652e-01
-9.894291e-01 -1.052948e+00
-8.964347e-01 -1.042938e+00
-1.173070e+00 -1.044416e+00
-9.197142e-01 -1.028842e+00
-6.116220e-01 -9.396765e-01
-9.257264e-01 -9.649827e-01
-2.241721e-01 -9.668629e-01
-9.826795e-01 -9.888095e-01
-7.386703e-01 -9.644297e-01
-1.126486e+00 -9.951928e-01
-8.429835e-01 -9.913161e-01
-8.088408e-01 -9.656707e-01
-4.248003e-01 -9.845666e-01
-8.748093e-01 -9.985807e-01
-9.443916e-01 -9.808500e-01
-1.107677e+00 -1.012218e+00
-1.165121e+00 -1.062484e+00
-1.187892e+00 -1.034574e+00
-1.079609e+00 -1.021600e+00
-7.373793e-01 -1.028026e+00
-7.993604e-01 -1.060488e+00
-1.320971e+00 -1.040493e+00
-9.976857e-01 -1.035896e+00
-1.086549e+00 -1.024983e+00
-1.254999e+00 -1.005010e+00
-1.007564e+00 -9.868728e-01
-1.351779e+00 -1.070657e+00
-1.218133e+00 -1.051784e+00
-1.097821e+00 -9.860243e-01
-1.424808e+00 -1.012153e+00
-1.594085e+00 -1.065672e+00
-9.483772e-01 -9.526704e-01
-1.121891e+00 -9.723535e-01
-8.236671e-01 -9.812608e-01
-1.361122e+00 -1.004713e+00
-1.488526e+00 -1.017491e+00
-1.118284e+00 -9.538528e-01
-1.048052e+00 -9.600738e-01
-1.086657e+00 -1.038674e+00
-1.184671e+00 -1.018989e+00
-1.345633e+00 -1.038876e+00
-7.106006e-01 -1.049514e+00
-1.092126e+00 -1.063420e+00
-1.164689e+00 -1.047902e+00
-3.453101e-01 -1.056788e+00
-6.731861e-01 -1.029573e+00
-1.027376e+00 -1.057339e+00
-1.089731e+00 -1.056007e+00
-1.316412e+00 -1.007525e+00
-1.202146e+00 -1.045557e+00
-1.338595e+00 -1.037433e+00
-1.147464e+00 -1.035791e+00
-1.071784e+00 -1.035529e+00
-7.492378e-01 -1.040253e+00
-1.047301e+00 -9.916008e-01
-1.269031e+00 -1.040983e+00
-9.650036e-01 -1.039567e+00
-1.149607e+00 -1.000067e+00
-8.049961e-01 -9.796301e-01
-8.377783e-01 -9.670320e-01
-1.167257e+00 -1.010202e+00
-9.971500e-01 -9.773721e-01
-1.088078e+00 -9.736565e-01
-1.238285e+00 -9.858962e-01
-1.305081e+00 -9.657358e-01
-9.882943e-01 -1.029130e+00
-9.355091e-01 -1.004713e+00
-9.291937e-01 -9.799606e-01
-1.255620e+00 -9.801301e-01
-9.361767e-01 -1.001048e+00
-8.780589e-01 -1.023407e+00
-1.289614e+00 -1.062036e+00
-1.235342e+00 -1.051995e+00
-8.116963e-01 -1.059407e+00
-1.334272e+00 -1.053185e+00
-1.044829e+00 -1.057513e+00
-1.246447e+00 -1.082367e+00
-1.484582e+00 -1.065552e+00
-1.436092e+00 -1.048794e+00
-1.085534e+00 -1.031300e+00
-1.091556e+00 -1.057607e+00
-1.144127e+00 -1.087887e+00
-1.424033e+00 -9.886903e-01
-1.318271e+00 -9.719079e-01
-1.182339e+00 -1.001397e+00
-1.519759e+00 -9.996979e-01
-1.391661e+00 -9.720604e-01
-1.518532e+00 -1.030580e+00
-1.108524e+00 -1.042508e+00
-1.176030e+00 -1.051544e+00
-1.086802e+00 -1.093886e+00
-1.103943e+00 -9.842945e-01
-1.062281e+00 -1.021733e+00
-9.765788e-01 -1.014027e+00
-1.097734e+00 -1.036605e+00
-4.051145e-01 -1.009821e+00
-5.529273e-01 -9.398999e-01
-5.984632e-01 -1.020187e+00
-1.429963e+00 -1.013253e+00
-1.272293e+00 -1.012943e+00
-1.088580e+00 -1.005702e+00
-1.001010e+00 -1.006216e+00
-1.253627e+00 -9.340326e-01
-1.001694e+00 -9.959227e-01
-1.047412e+00 -9.746085e-01
-9.839060e-01 -1.016055e+00
-1.118578e+00 -9.671056e-01
-8.633945e-01 -9.712057e-01
-8.182753e-01 -1.043185e+00
-1.190921e+00 -9.900030e-01
-1.169895e+00 -1.005844e+00
-6.390998e-01 -1.057849e+00
-6.879738e-01 -1.043746e+00
-9.810941e-01 -1.068043e+00
-8.830298e-01 -1.013278e+00
-1.240860e+00 -1.001595e+00
-8.521027e-01 -1.041989e+00
-7.533887e-01 -1.038918e+00
-6.641216e-01 -9.868588e-01
-1.141613e+00 -1.024743e+00
-7.233220e-01 -9.871901e-01
-1.331086e+00 -1.038532e+00
-1.238871e+00 -9.952503e-01
-9.187114e-01 -9.536040e-01
-4.726955e-01 -9.579022e-01
-1.369657e+00 -9.730674e-01
-8.467090e-01 -9.430757e-01
-7.912808e-01 -9.563353e-01
-9.495031e-01 -1.005269e+00
-5.681509e-01 -1.011320e+00
-7.116309e-01 -9.818501e-01
-7.994179e-01 -9.958285e-01
-5.118237e-01 -9.514805e-01
-8.999784e-01 -9.629663e-01
-6.227076e-01 -9.659579e-01
-7.918517e-01 -9.742723e-01
-6.156285e-01 -9.741640e-01
-1.137629e+00 -1.054847e+00
-1.233603e+00 -1.057662e+00
-1.135137e+00 -1.041208e+00
-9.534853e-01 -1.007005e+00
-1.144402e+00 -1.030160e+00
-1.219796e+00 -1.029081e+00
-8.558578e-01 -1.011625e+00
-8.794527e-01 -1.023330e+00
-1.287810e+00 -1.028560e+00
-1.290744e+00 -1.032569e+00
-1.020306e+00 -1.051058e+00
-1.463277e+00 -1.006324e+00
-8.882111e-01 -1.053679e+00
-1.359037e+00 -1.016319e+00
-1.075147e+00 -9.464718e-01
-1.013020e+00 -9.506249e-01
-1.197735e+00 -9.572010e-01
-9.075190e-01 -9.632888e-01
-1.230702e+00 -9.695156e-01
-1.158047e+00 -9.802099e-01
-7.997549e-01 -9.462864e-01
-1.160938e+00 -9.679738e-01
-9.586097e-01 -9.819353e-01
-1.328244e+00 -6.448138e-01
-1.258621e+00 -9.532242e-01
-1.166686e+00 -9.557836e-01
-1.418619e+00 -1.054308e+00
-1.308928e+00 -1.033504e+00
-1.008901e+00 -1.050255e+00
-1.017222e+00 -1.048877e+00
-1.445413e+00 -1.041104e+00
-1.156947e+00 -1.000797e+00
-9.034922e-01 -1.058885e+00
-5.327344e-01 -1.051803e+00
-9.302028e-01 -1.047545e+00
-9.662627e-01 -1.053415e+00
-1.380060e+00 -1.024434e+00
-1.007432e+00 -1.028699e+00
-1.056339e+00 -1.010223e+00
-1.050440e+00 -1.041013e+00
-1.154216e+00 -1.033834e+00
-9.930892e-01 -1.053897e+00
-1.148141e+00 -9.827531e-01
-9.778427e-01 -9.836211e-01
-1.116460e+00 -9.855730e-01
-1.196637e+00 -9.720045e-01
-8.850816e-01 -7.752586e-01
-7.718921e-01 -1.040392e+00
-1.241194e+00 -9.975926e-01
-6.242088e-01 -9.711494e-01
-7.197306e-01 -9.930180e-01
-1.319019e+00 -9.774760e-01
-1.327527e+00 -9.789980e-01
-1.125206e+00 -1.064996e+00
-1.166274e+00 -1.035811e+00
-1.125770e+00 -1.061351e+00
-9.381259e-01 -1.062875e+00
-1.355367e+00 -1.085102e+00
-1.242042e+00 -1.072871e+00
-1.047495e+00 -1.075264e+00
-1.420359e+00 -1.042606e+00
-1.297578e+00 -1.002751e+00
-1.257192e+00 -1.056855e+00
-1.414111e+00 -1.036467e+00
-1.649208e+00 -1.019993e+00
-1.104929e+00 -1.012965e+00
-1.352938e+00 -1.026217e+00
-1.375258e+00 -1.015825e+00
-9.648373e-01 -9.788365e-01
-1.529485e+00 -1.006238e+00
-1.286910e+00 -1.020519e+00
