# y_true	y_pred
9.752681e-01 1.050936e+00
4.534119e-01 1.106572e+00
1.486120e+00 1.007467e+00
1.236151e+00 1.064053e+00
1.597206e+00 1.113414e+00
1.258455e+00 1.116565e+00
9.974761e-01 1.092902e+00
1.804580e+00 1.118062e+00
1.172395e+00 1.089139e+00
1.099421e+00 1.093928e+00
7.114277e-01 1.098115e+00
8.233846e-01 1.095046e+00
9.311184e-01 1.089496e+00
1.084835e+00 1.090487e+00
9.099738e-01 1.106084e+00
8.178473e-01 1.099990e+00
7.087209e-01 1.107410e+00
1.105125e+00 1.105790e+00
8.863735e-01 1.100806e+00
7.245926e-01 1.120325e+00
7.691154e-01 1.108064e+00
1.200101e+00 1.075498e+00
1.500294e+00 1.077392e+00
1.225776e+00 1.085577e+00
1.139157e+00 1.073457e+00
1.538861e+00 1.058640e+00
1.097248e+00 1.101248e+00
1.495739e+00 1.109515e+00
6.136067e-01 1.085670e+00
9.294184e-01 1.101845e+00
1.227733e+00 1.098991e+00
1.426564e+00 1.101658e+00
1.159240e+00 1.098860e+00
6.316930e-01 1.090488e+00
1.366529e+00 1.116669e+00
1.230767e+00 1.109685e+00
8.458091e-01 1.074578e+00
8.903622e-01 1.089638e+00
1.137956e+00 1.092007e+00
1.177653e+00 1.100826e+00
6.264036e-01 1.086244e+00
9.989420e-01 1.110772e+00
1.321280e+00 1.093292e+00
1.132910e+00 1.097250e+00
1.346107e+00 1.092764e+00
5.971114e-01 1.072706e+00
7.734977e-01 1.095980e+00
7.455947e-01 1.087374e+00
1.096425e+00 1.066595e+00
1.283351e+00 1.079429e+00
8.254156e-01 1.064469e+00
1.012655e+00 1.083164e+00
8.140259e-01 1.102700e+00
1.083893e+00 1.095563e+00
1.069318e+00 1.088351e+00
6.563840e-01 1.090778e+00
9.242585e-01 1.095713e+00
7.223828e-01 1.078389e+00
1.343533e+00 1.085695e+00
1.154736e+00 1.099549e+00
1.360768e+00 1.094727e+00
1.303423e+00 1.067339e+00
1.183865e+00 1.081106e+00
1.422257e+00 1.081899e+00
1.502787e+00 1.039959e+00
1.254584e+00 1.070364e+00
1.367181e+00 1.077350e+00
1.323721e+00 1.062404e+00
1.465815e+00 1.054216e+00
1.084587e+00 1.058102e+00
1.420408e+00 1.057912e+00
1.311913e+00 1.057028e+00
1.107155e+00 1.078914e+00
1.040774e+00 1.080062e+00
1.473624e+00 1.033801e+00
1.053737e+00 1.054048e+00
1.497220e+00 1.080638e+00
1.202889e+00 1.069653e+00
1.162327e+00 1.033105e+00
1.286726e+00 1.113568e+00
1.370426e+00 1.093647e+00
1.139169e+00 1.086599e+00
1.229757e+00 1.090182e+00
1.421679e+00 1.073033e+00
1.252380e+00 1.108730e+00
1.477327e+00 1.107953e+00
8.787918e-01 1.058118e+00
7.238146e-01 1.073645e+00
8.976429e-01 1.055783e+00
1.029047e+00 1.061092e+00
5.909024e-01 1.043164e+00
8.087934e-01 1.061305e+00
1.128023e+00 1.080176e+00
8.691381e-01 1.071619e+00
8.823855e-01 1.043259e+00
5.651314e-01 1.051391e+00
6.402631e-01 1.067893e+00
4.134262e-01 1.062781e+00
4.492877e-01 1.055503e+00
4.552239e-01 1.054955e+00
3.822843e-01 1.053724e+00
4.593601e-01 1.057894e+00
6.199266e-01 1.080772e+00
7.460645e-01 1.063233e+00
7.531254e-01 1.055808e+00
5.736217e-01 1.081761e+00
1.345395e+00 1.081820e+00
1.032911e+00 1.090859e+00
6.625928e-01 1.088033e+00
9.931637e-01 1.093205e+00
5.531108e-01 1.101304e+00
9.647311e-01 1.086173e+00
6.859008e-01 1.102384e+00
7.567356e-01 1.075284e+00
8.163996e-01 1.070511e+00
1.098421e+00 1.090570e+00
6.648255e-01 1.099399e+00
1.155075e+00 1.071227e+00
6.838699e-01 1.060797e+00
8.484786e-01 1.017223e+00
1.032781e+00 1.035974e+00
1.076061e+00 1.035895e+00
8.938972e-01 1.040305e+00
9.021637e-01 1.027636e+00
1.377931e+00 1.012978e+00
1.045950e+00 1.053103e+00
1.460819e+00 1.072739e+00
1.174186e+00 1.078307e+00
1.425097e+00 1.057953e+00
1.003240e+00 1.026901e+00
1.394331e+00 1.104292e+00
1.229109e+00 1.108506e+00
1.067447e+00 1.091918e+00
1.458374e+00 1.103198e+00
1.543006e+00 1.114717e+00
1.323843e+00 1.094622e+00
1.636328e+00 1.080646e+00
1.061586e+00 1.029046e+00
9.747739e-01 9.835329e-01
1.638482e+00 1.107673e+00
9.281420e-01 1.093481e+00
8.114303e-01 1.085809e+00
1.126709e+00 1.089643e+00
1.180452e+00 1.096741e+00
8.842993e-01 1.105769e+00
1.296516e+00 1.084815e+00
1.205834e+00 1.061465e+00
1.261642e+00 1.079109e+00
1.581500e+00 1.056725e+00
1.233228e+00 1.066007e+00
1.273581e+00 1.119728e+00
1.305810e+00 1.069995e+00
1.569647e+00 1.104475e+00
9.209391e-01 1.099036e+00
1.499458e+00 1.101566e+00
1.541880e+00 1.105862e+00
1.091656e+00 1.056632e+00
9.841998e-01 1.097188e+00
7.779170e-01 1.090031e+00
1.041297e+00 1.083673e+00
1.039889e+00 1.097429e+00
1.371728e+00 1.078569e+00
6.404915e-01 1.099201e+00
8.783444e-01 1.108852e+00
9.576304e-01 1.063614e+00
8.677629e-01 1.097575e+00
6.144943e-01 1.078852e+00
6.409354e-01 1.052832e+00
4.589346e-01 1.071242e+00
6.891223e-01 1.037278e+00
4.952050e-01 1.062218e+00
1.226745e+00 1.084045e+00
5.157706e-01 1.089913e+00
6.431036e-01 1.079609e+00
1.246329e+00 1.089676e+00
8.620701e-01 1.103248e+00
1.229206e+00 1.076064e+00
1.522172e+00 1.062747e+00
1.295263e+00 1.086386e+00
1.225319e+00 1.077890e+00
1.101927e+00 1.085054e+00
1.010247e+00 1.079667e+00
1.048842e+00 1.067863e+00
1.343564e+00 1.067532e+00
1.467411e+00 1.072656e+00
1.251230e+00 1.033521e+00
1.642060e+00 1.031544e+00
1.283187e+00 1.042838e+00
1.126314e+00 1.071220e+00
1.264012e+00 1.047379e+00
1.116718e+00 1.059239e+00
1.122292e+00 1.066630e+00
1.360186e+00 1.064182e+00
1.454690e+00 1.043487e+00
1.559367e+00 1.059128e+00
1.357772e+00 1.017449e+00
1.737929e+00 1.060671e+00
1.265931e+00 1.033501e+00
1.467679e+00 1.046480e+00
1.578860e+00 1.112150e+00
1.107814e+00 1.102633e+00
1.459065e+00 1.112447e+00
1.517449e+00 1.107881e+00
1.644278e+00 1.085095e+00
1.065561e+00 1.086426e+00
1.573938e+00 1.105919e+00
1.309277e+00 1.082485e+00
1.096628e+00 1.075941e+00
2.050150e+00 8.570075e-01
1.076144e+00 1.094239e+00
1.430695e+00 1.108164e+00
8.146887e-01 1.042862e+00
7.996272e-01 1.036000e+00
8.620258e-01 1.031507e+00
9.374987e-01 1.028228e+00
9.943812e-01 1.065211e+00
1.046086e+00 1.078392e+00
1.385723e+00 1.066275e+00
8.704941e-01 1.075537e+00
1.038213e+00 1.038301e+00
5.663149e-01 1.057575e+00
6.369484e-01 1.053995e+00
4.551688e-01 1.050014e+00
5.326711e-01 1.068116e+00
7.198150e-01 1.067421e+00
7.973158e-01 1.058826e+00
9.061408e-01 1.059611e+00
7.437061e-01 1.089471e+00
7.191597e-01 1.094726e+00
5.477800e-01 1.083756e+00
8.318546e-01 1.081197e+00
9.730781e-01 7.619503e-01
1.136700e+00 1.038787e+00
5.539287e-01 1.087037e+00
5.863996e-01 1.101028e+00
1.347912e+00 1.052812e+00
8.450415e-01 1.096947e+00
5.275642e-01 1.098689e+00
1.335182e+00 1.006981e+00
1.093242e+00 1.037301e+00
1.548875e+00 1.017218e+00
1.070439e+00 1.009081e+00
1.220725e+00 9.967511e-01
1.160730e+00 1.014490e+00
1.306632e+00 1.009504e+00
1.549485e+00 1.048283e+00
1.176272e+00 1.091767e+00
1.184433e+00 1.073519e+00
1.035374e+00 1.072108e+00
1.321846e+00 1.091351e+00
1.004616e+00 1.077005e+00
1.054459e+00 1.071553e+00
1.550968e+00 1.089665e+00
1.415892e+00 1.104135e+00
1.649857e+00 1.088499e+00
1.206997e+00 1.087355e+00
