# y_true	y_pred
5.512578e-01 4.403162e-01
-3.091100e-01 4.399006e-01
2.017878e-02 4.398994e-01
2.231111e-01 4.406712e-01
8.533467e-01 4.399946e-01
9.694331e-01 4.399992e-01
4.370671e-01 4.389062e-01
1.108030e+00 4.404091e-01
1.063248e+00 4.391837e-01
8.848144e-01 4.395196e-01
9.375536e-01 4.395493e-01
8.133641e-01 4.395182e-01
8.954396e-01 4.395366e-01
1.272233e+00 4.391880e-01
7.795010e-01 4.399178e-01
5.551603e-01 4.395491e-01
4.986735e-01 4.403726e-01
8.778562e-01 4.403798e-01
5.855953e-01 4.391932e-01
6.364443e-01 4.399379e-01
5.060759e-01 4.403883e-01
6.390779e-01 4.399393e-01
1.153612e+00 4.395237e-01
7.350734e-01 4.399241e-01
5.761144e-01 4.395315e-01
1.143989e+00 4.391856e-01
8.538379e-01 4.399455e-01
1.201609e+00 4.392232e-01
5.551027e-01 4.395277e-01
4.001390e-01 4.399433e-01
6.958784e-01 4.395370e-01
1.025054e+00 4.399199e-01
7.364961e-01 4.395232e-01
4.245197e-01 4.391714e-01
9.015523e-01 4.403992e-01
7.868450e-01 4.395308e-01
7.371506e-01 4.391946e-01
8.340376e-01 4.395156e-01
1.047273e+00 4.399152e-01
9.602774e-01 4.399390e-01
5.506538e-01 4.395064e-01
7.779888e-01 4.399109e-01
1.252414e+00 4.395225e-01
1.082774e+00 4.399261e-01
1.206728e+00 4.395048e-01
4.784303e-01 4.391619e-01
7.545218e-01 4.399261e-01
5.967131e-01 4.391834e-01
8.750541e-01 4.391930e-01
9.935472e-01 4.391956e-01
6.450124e-01 4.395187e-01
8.728202e-01 4.395404e-01
5.970658e-01 4.395198e-01
5.584954e-01 4.399138e-01
9.844317e-01 4.395323e-01
3.164923e-01 4.399147e-01
6.264553e-01 4.395168e-01
1.347124e-01 4.395180e-01
8.872663e-01 4.395287e-01
6.592787e-01 4.399409e-01
1.114057e+00 4.399182e-01
1.072373e+00 4.391805e-01
5.699311e-01 4.391778e-01
9.184235e-01 4.395391e-01
1.618625e-01 4.395216e-01
9.276096e-01 4.395467e-01
8.672556e-01 4.392120e-01
1.108314e+00 4.395337e-01
1.191103e+00 4.399297e-01
7.202838e-01 4.399300e-01
1.162055e+00 4.391760e-01
8.487689e-01 4.391986e-01
8.054519e-01 4.395556e-01
7.495583e-01 4.395411e-01
7.300587e-01 4.395232e-01
4.831154e-01 4.399436e-01
7.609977e-01 4.392042e-01
7.328841e-01 4.392065e-01
2.630990e-01 4.391784e-01
8.216507e-01 4.399593e-01
9.320373e-01 4.395510e-01
8.946076e-01 4.395525e-01
5.177295e-01 4.395632e-01
5.167475e-01 4.395302e-01
9.661149e-01 4.395679e-01
1.113586e+00 4.399483e-01
6.918154e-01 4.395179e-01
4.554959e-01 4.395302e-01
3.883825e-01 4.395258e-01
7.156774e-01 4.395020e-01
3.477502e-01 4.391808e-01
4.726541e-01 4.391721e-01
9.819360e-01 4.399339e-01
5.409641e-01 4.403473e-01
5.746767e-01 4.391787e-01
2.403825e-01 4.399191e-01
2.709579e-01 4.394902e-01
6.905925e-02 4.405281e-01
-1.016478e-01 4.398683e-01
2.101052e-01 4.395140e-01
2.164376e-03 4.398708e-01
2.361036e-01 4.398875e-01
1.742520e-01 4.394799e-01
4.948442e-01 4.395126e-01
4.955814e-01 4.391490e-01
-1.248442e-01 4.391772e-01
7.701795e-01 4.391874e-01
4.352117e-01 4.395019e-01
8.224299e-02 4.403036e-01
4.860697e-01 4.399087e-01
-8.806243e-02 4.395107e-01
-1.438647e-01 4.395290e-01
-2.581164e-01 4.395118e-01
-1.744612e-01 4.403546e-01
3.994953e-01 4.395156e-01
4.762494e-01 4.395220e-01
7.465929e-02 4.398940e-01
8.313948e-01 4.395203e-01
5.423953e-02 4.395171e-01
4.904927e-02 4.395063e-01
4.684248e-01 4.395182e-01
4.696659e-01 4.399222e-01
5.997789e-01 4.399360e-01
3.891648e-01 4.399162e-01
-1.618936e-01 4.395109e-01
2.406568e-01 4.395608e-01
5.978705e-01 4.395691e-01
4.960443e-01 4.399621e-01
2.678299e-01 4.399329e-01
3.197995e-01 4.395161e-01
4.814300e-01 4.395600e-01
4.755657e-01 4.399625e-01
6.120959e-01 4.392185e-01
7.532390e-01 4.399879e-01
9.032629e-01 4.403943e-01
5.857646e-01 4.407219e-01
8.252501e-01 4.395645e-01
5.118350e-01 4.405622e-01
5.045666e-01 4.401731e-01
8.852240e-01 4.402393e-01
6.912343e-01 4.397503e-01
1.100568e+00 4.397856e-01
9.466233e-01 4.397772e-01
1.372298e+00 4.405930e-01
3.846914e-01 4.402502e-01
7.852238e-01 4.406717e-01
7.979948e-01 4.397887e-01
9.548495e-01 4.406239e-01
1.152972e+00 4.397384e-01
5.306303e-01 4.401772e-01
9.567542e-01 4.407640e-01
6.784611e-01 4.401966e-01
8.912573e-01 4.397767e-01
5.405695e-01 4.401728e-01
8.726051e-01 4.398097e-01
1.168123e+00 4.406636e-01
8.716528e-01 4.401672e-01
3.705873e-01 4.397433e-01
3.900158e-01 4.401498e-01
9.628771e-01 4.401975e-01
1.045416e+00 4.401660e-01
1.187307e+00 4.401683e-01
3.140255e-01 4.405378e-01
3.314030e-01 4.406253e-01
8.731462e-01 4.397604e-01
8.642014e-01 4.406377e-01
4.473107e-01 4.397540e-01
3.691292e-01 4.401450e-01
4.571812e-01 4.397562e-01
2.802086e-01 4.397036e-01
2.678386e-01 4.397179e-01
6.554269e-01 4.397128e-01
4.683607e-01 4.397628e-01
-6.322777e-02 4.397176e-01
6.116903e-01 4.397433e-01
4.657356e-01 4.406147e-01
7.190998e-01 4.406663e-01
1.282075e+00 4.402198e-01
1.030431e+00 4.406521e-01
7.405120e-01 4.402173e-01
7.860037e-01 4.401854e-01
7.947293e-01 4.397855e-01
7.649188e-01 4.397370e-01
6.165378e-01 4.397658e-01
7.062341e-01 4.402207e-01
8.787607e-01 4.402041e-01
5.992128e-01 4.402246e-01
1.048536e+00 4.402084e-01
8.110190e-01 4.402263e-01
9.727426e-01 4.397722e-01
8.744563e-01 4.402380e-01
5.187432e-01 4.397694e-01
1.178001e+00 4.402456e-01
7.141403e-01 4.402005e-01
8.808649e-01 4.406335e-01
7.961488e-01 4.397625e-01
9.199012e-01 4.401812e-01
9.981741e-01 4.401972e-01
5.544177e-01 4.397451e-01
1.110995e+00 4.407176e-01
4.676849e-01 4.402421e-01
1.029282e+00 4.408284e-01
1.139399e+00 4.408707e-01
1.084811e+00 4.402480e-01
5.984581e-01 4.402679e-01
1.222329e+00 4.402687e-01
1.084454e+00 4.397922e-01
6.997062e-01 4.402113e-01
1.071575e+00 4.328271e-01
7.899047e-01 4.402255e-01
1.056708e+00 4.406680e-01
3.805520e-01 4.405890e-01
4.311252e-01 4.397703e-01
4.373513e-01 4.401941e-01
6.787207e-01 4.401706e-01
4.578719e-01 4.407857e-01
5.966754e-01 4.397818e-01
1.201596e+00 4.397903e-01
6.380137e-01 4.406636e-01
6.997900e-01 4.402036e-01
3.423354e-01 4.402227e-01
2.630883e-01 4.401314e-01
1.495743e-01 4.401097e-01
1.040435e-01 4.404955e-01
4.979084e-01 4.401931e-01
5.249388e-01 4.401345e-01
7.714047e-01 4.401597e-01
1.437061e-02 4.401811e-01
1.158744e-02 4.405969e-01
-9.330043e-02 4.401267e-01
1.677257e-01 4.397365e-01
6.970188e-01 4.329340e-01
7.989844e-01 4.406526e-01
1.835422e-01 4.408242e-01
1.180466e-01 4.406233e-01
9.038710e-01 4.397588e-01
-5.932576e-02 4.406192e-01
-2.327090e-01 4.405921e-01
3.506192e-01 4.405987e-01
8.798310e-01 4.401916e-01
5.269685e-01 4.401882e-01
3.038624e-01 4.405653e-01
1.388718e-01 4.397708e-01
3.548213e-01 4.397736e-01
5.602843e-03 4.397877e-01
2.696670e-01 4.402121e-01
6.570650e-01 4.406981e-01
5.178572e-01 4.408755e-01
5.083384e-01 4.408588e-01
6.722690e-01 4.407187e-01
5.677201e-01 4.402699e-01
6.374068e-01 4.398402e-01
8.133746e-01 4.407191e-01
8.401927e-01 4.407051e-01
9.482415e-01 4.398146e-01
7.874167e-01 4.403195e-01
