# y_true	y_pred
9.189995e-01 8.916628e-01
1.279891e-01 8.331474e-01
1.348157e+00 7.678071e-01
1.171110e+00 1.042299e+00
1.549314e+00 9.795981e-01
1.139054e+00 9.521754e-01
1.062153e+00 6.745421e-01
1.754150e+00 1.025062e+00
1.093495e+00 7.378858e-01
9.739252e-01 8.168050e-01
8.038220e-01 8.304169e-01
8.394173e-01 8.269620e-01
9.419177e-01 7.726314e-01
9.621245e-01 7.141768e-01
8.594498e-01 8.652240e-01
6.213466e-01 7.647594e-01
5.289130e-01 9.512206e-01
9.486078e-01 9.513893e-01
6.894587e-01 6.995383e-01
6.070926e-01 8.696404e-01
5.358884e-01 9.441862e-01
8.491378e-01 8.661739e-01
1.459365e+00 7.427800e-01
9.876702e-01 8.637691e-01
1.009050e+00 7.292390e-01
1.501010e+00 6.725245e-01
1.056134e+00 8.700454e-01
1.395329e+00 7.450919e-01
5.952720e-01 7.716668e-01
9.226820e-01 8.928748e-01
1.218006e+00 7.928830e-01
1.433120e+00 8.698719e-01
1.162942e+00 7.996855e-01
6.123970e-01 7.148820e-01
1.384875e+00 1.006743e+00
1.239340e+00 8.038722e-01
8.198888e-01 7.266760e-01
9.021401e-01 8.008842e-01
1.107826e+00 9.522707e-01
1.076774e+00 9.626283e-01
5.715885e-01 8.193005e-01
9.299574e-01 9.614504e-01
1.321188e+00 8.525248e-01
1.081627e+00 8.776959e-01
1.296819e+00 7.671399e-01
5.403076e-01 6.758488e-01
7.129627e-01 8.525340e-01
6.280999e-01 7.054751e-01
1.026892e+00 7.054406e-01
1.211555e+00 7.191658e-01
7.659448e-01 7.392471e-01
9.626153e-01 7.765432e-01
5.620618e-01 7.418104e-01
7.308592e-01 8.172865e-01
7.586894e-01 7.413005e-01
4.071696e-01 7.991438e-01
6.344940e-01 7.284546e-01
4.121623e-01 7.079278e-01
9.667794e-01 7.514169e-01
9.609426e-01 8.477497e-01
1.208668e+00 8.480844e-01
1.169377e+00 6.777226e-01
8.381089e-01 6.821856e-01
1.356756e+00 7.666549e-01
1.371765e+00 7.236959e-01
1.147172e+00 7.707702e-01
1.240336e+00 7.220654e-01
1.187746e+00 7.525870e-01
1.267125e+00 8.384318e-01
8.812790e-01 8.119643e-01
1.214361e+00 6.860934e-01
1.279430e+00 6.856679e-01
1.123468e+00 7.622371e-01
1.023245e+00 7.278596e-01
1.377756e+00 7.336574e-01
9.947168e-01 8.309888e-01
1.528307e+00 6.901950e-01
1.127568e+00 6.884770e-01
1.035088e+00 6.764426e-01
1.276333e+00 9.097335e-01
1.400000e+00 7.722900e-01
1.152066e+00 7.520044e-01
1.225520e+00 8.136199e-01
1.413714e+00 7.648416e-01
1.236151e+00 8.248105e-01
1.479379e+00 8.936422e-01
9.028503e-01 7.310628e-01
7.073101e-01 7.403895e-01
8.813301e-01 7.319009e-01
1.022094e+00 7.459081e-01
5.521146e-01 6.848883e-01
7.023760e-01 6.925953e-01
1.121773e+00 9.064122e-01
7.989480e-01 8.861407e-01
8.761966e-01 6.803514e-01
4.626035e-01 8.043135e-01
4.160445e-01 6.903213e-01
3.368404e-01 9.578304e-01
3.054663e-01 7.504621e-01
3.644304e-01 6.972204e-01
2.536356e-01 7.394523e-01
3.185157e-01 7.516993e-01
3.981467e-01 6.944210e-01
6.703192e-01 7.269337e-01
7.057847e-01 6.700370e-01
3.512790e-01 6.808379e-01
1.090109e+00 6.804145e-01
6.848497e-01 7.115154e-01
5.081196e-01 8.844241e-01
6.510267e-01 7.865580e-01
1.429079e-01 7.489576e-01
4.779611e-01 7.451380e-01
2.985895e-01 7.590925e-01
5.615420e-01 9.298276e-01
4.806933e-01 7.236522e-01
6.810969e-01 7.408385e-01
3.348824e-01 8.180816e-01
8.999222e-01 7.265992e-01
4.441583e-01 7.233469e-01
6.300605e-01 7.007787e-01
1.017796e+00 7.173588e-01
9.674199e-01 7.934249e-01
7.472567e-01 7.973199e-01
6.141206e-01 7.677712e-01
1.228596e+00 7.062163e-01
1.017903e+00 7.760349e-01
1.416544e+00 8.163065e-01
1.170824e+00 8.822564e-01
1.443856e+00 8.468747e-01
9.649499e-01 7.415888e-01
1.371245e+00 8.540268e-01
1.224299e+00 9.203932e-01
1.038407e+00 7.439317e-01
1.456782e+00 9.450112e-01
1.544728e+00 1.009390e+00
1.311160e+00 1.071360e+00
1.609089e+00 8.459782e-01
9.747481e-01 8.280841e-01
9.599243e-01 7.551319e-01
1.631039e+00 9.467149e-01
8.134806e-01 8.264518e-01
9.913876e-01 8.008018e-01
1.068009e+00 8.489552e-01
1.098266e+00 9.710029e-01
5.964966e-01 8.623489e-01
1.027302e+00 9.926165e-01
1.165438e+00 7.311504e-01
1.201124e+00 9.323092e-01
1.572994e+00 7.006091e-01
1.154279e+00 7.774864e-01
1.244775e+00 1.027380e+00
1.127576e+00 8.047581e-01
1.546762e+00 8.064895e-01
8.170765e-01 9.185794e-01
1.466287e+00 8.151239e-01
1.539795e+00 9.837174e-01
1.099218e+00 8.386091e-01
9.154374e-01 7.821379e-01
7.750065e-01 8.629312e-01
1.011273e+00 9.495896e-01
1.012556e+00 9.574588e-01
1.402445e+00 9.471373e-01
5.889094e-01 9.542322e-01
8.006582e-01 1.006117e+00
9.804429e-01 7.711581e-01
8.522768e-01 1.028173e+00
4.784503e-01 7.291268e-01
5.139105e-01 7.417936e-01
3.918570e-01 6.998947e-01
4.726172e-01 6.869203e-01
3.130378e-01 6.812969e-01
8.807177e-01 6.911329e-01
3.640165e-01 7.299047e-01
2.825684e-01 6.913270e-01
8.363461e-01 6.996272e-01
6.136748e-01 9.258322e-01
8.933226e-01 9.213384e-01
1.409752e+00 8.075715e-01
1.118333e+00 9.182283e-01
9.128577e-01 8.351877e-01
7.547312e-01 7.586726e-01
8.623380e-01 7.166760e-01
7.472029e-01 6.853192e-01
8.007839e-01 7.003057e-01
1.107885e+00 7.698784e-01
1.045875e+00 7.924393e-01
1.484862e+00 7.950691e-01
1.101143e+00 8.049110e-01
9.567548e-01 8.312188e-01
1.039900e+00 7.185080e-01
9.968622e-01 8.385698e-01
7.448719e-01 7.575670e-01
1.171259e+00 8.532498e-01
1.502566e+00 7.739955e-01
1.351921e+00 8.898343e-01
1.356098e+00 7.023975e-01
1.457147e+00 7.680885e-01
1.147494e+00 7.971458e-01
1.375358e+00 7.044643e-01
1.586618e+00 9.945772e-01
1.104852e+00 8.820843e-01
1.469200e+00 1.042330e+00
1.497239e+00 1.061172e+00
1.631499e+00 8.504802e-01
1.043623e+00 8.665603e-01
1.556745e+00 9.011610e-01
1.387139e+00 7.590401e-01
1.125833e+00 8.083443e-01
2.017281e+00 5.436188e-01
1.065132e+00 8.400970e-01
1.418630e+00 9.850554e-01
8.528857e-01 8.945985e-01
7.562883e-01 7.049425e-01
8.810077e-01 7.797305e-01
9.425534e-01 7.579331e-01
1.018600e+00 1.019811e+00
1.048822e+00 7.778476e-01
1.390322e+00 8.150392e-01
8.089736e-01 9.920954e-01
9.490461e-01 7.735288e-01
5.341754e-01 8.593144e-01
4.685567e-01 7.294191e-01
2.672166e-01 7.251438e-01
3.502357e-01 8.076720e-01
6.552975e-01 8.481606e-01
6.759424e-01 7.748727e-01
8.734795e-01 8.475401e-01
4.369720e-01 7.874650e-01
4.949741e-01 8.854038e-01
2.269426e-01 7.565712e-01
4.577923e-01 7.009460e-01
7.676962e-01 4.967300e-01
9.157941e-01 8.780594e-01
5.155202e-01 1.010406e+00
3.234109e-01 9.286677e-01
1.064390e+00 6.974981e-01
4.761121e-01 9.424347e-01
2.879034e-01 9.401020e-01
1.165535e+00 8.194862e-01
8.925990e-01 7.737582e-01
1.429617e+00 7.642916e-01
8.124543e-01 8.060318e-01
1.255034e+00 7.065135e-01
1.196341e+00 7.173742e-01
1.349837e+00 7.130690e-01
1.562421e+00 8.321005e-01
1.180445e+00 9.996207e-01
1.169613e+00 1.073102e+00
1.043150e+00 1.049136e+00
1.294529e+00 1.035472e+00
9.822172e-01 8.911295e-01
1.018969e+00 8.213245e-01
1.539014e+00 1.020964e+00
1.401002e+00 1.002667e+00
1.621495e+00 8.564833e-01
1.179716e+00 9.719757e-01
