# y_true	y_pred
8.803904e-01 7.958040e-01
-7.298503e-03 9.195309e-01
1.212281e+00 7.412978e-01
1.138477e+00 1.020483e+00
1.455402e+00 9.394180e-01
1.138891e+00 9.377018e-01
1.025419e+00 9.273494e-01
1.793277e+00 9.677669e-01
1.075788e+00 9.210557e-01
9.466609e-01 9.157434e-01
8.005390e-01 9.165709e-01
8.220189e-01 9.253755e-01
9.352766e-01 9.012272e-01
9.505128e-01 9.216416e-01
8.630798e-01 9.110359e-01
5.381130e-01 9.171530e-01
4.637834e-01 9.171535e-01
8.670473e-01 9.067404e-01
6.398391e-01 9.224982e-01
5.672115e-01 9.063663e-01
4.857317e-01 9.055511e-01
7.525945e-01 8.842579e-01
1.397825e+00 8.854108e-01
8.938921e-01 9.087093e-01
9.782836e-01 8.557542e-01
1.440404e+00 8.513418e-01
1.177785e+00 8.950868e-01
1.409050e+00 9.266878e-01
5.748438e-01 9.032437e-01
9.164940e-01 9.263670e-01
1.207470e+00 9.226430e-01
1.416385e+00 9.254116e-01
1.158733e+00 9.348984e-01
5.971292e-01 9.259259e-01
1.377885e+00 9.875755e-01
1.220770e+00 9.194894e-01
7.944835e-01 9.126744e-01
8.881555e-01 9.166286e-01
1.090900e+00 9.285113e-01
1.027723e+00 9.302856e-01
5.534538e-01 9.170141e-01
8.711445e-01 9.388562e-01
1.305759e+00 9.194599e-01
1.076795e+00 9.159781e-01
1.284157e+00 9.194931e-01
5.216694e-01 8.733988e-01
7.033370e-01 9.035586e-01
5.968136e-01 9.115703e-01
1.008844e+00 8.934620e-01
1.182610e+00 9.099126e-01
7.507742e-01 8.902844e-01
9.416002e-01 9.013425e-01
4.903354e-01 9.156119e-01
5.894795e-01 8.824412e-01
7.099803e-01 8.982241e-01
3.278190e-01 8.602424e-01
5.509623e-01 9.035911e-01
2.855983e-01 8.747853e-01
9.553830e-01 8.855391e-01
8.649246e-01 9.043176e-01
1.145224e+00 9.044262e-01
1.159045e+00 8.582559e-01
7.828687e-01 8.650048e-01
1.289708e+00 8.987336e-01
1.296614e+00 7.726193e-01
1.041656e+00 8.716492e-01
1.176099e+00 8.973885e-01
1.133984e+00 8.487512e-01
1.125590e+00 8.234632e-01
8.354705e-01 8.154957e-01
1.134574e+00 8.624647e-01
1.393685e+00 8.540298e-01
1.251219e+00 8.871480e-01
9.551181e-01 8.546200e-01
1.458434e+00 8.101819e-01
1.036756e+00 8.148068e-01
1.401474e+00 8.795825e-01
1.049404e+00 8.651682e-01
8.327225e-01 8.278283e-01
1.309666e+00 9.099639e-01
1.389232e+00 8.941025e-01
1.270806e+00 8.848505e-01
1.114416e+00 9.056865e-01
1.288881e+00 8.883429e-01
1.146717e+00 9.176398e-01
1.478539e+00 9.276593e-01
8.810822e-01 8.371861e-01
6.869469e-01 8.613833e-01
8.508348e-01 8.486446e-01
9.976447e-01 8.821782e-01
5.383681e-01 8.684506e-01
6.551995e-01 8.841404e-01
1.112863e+00 8.979098e-01
7.368452e-01 8.006736e-01
8.513811e-01 8.635467e-01
4.404409e-01 8.534220e-01
3.770378e-01 8.325301e-01
2.847759e-01 1.064570e+00
2.100808e-01 8.764278e-01
3.447346e-01 8.461011e-01
1.819438e-01 9.096629e-01
2.862474e-01 8.265112e-01
3.171554e-01 8.656440e-01
6.649714e-01 8.594229e-01
6.701090e-01 9.200408e-01
2.179197e-01 9.153420e-01
9.451888e-01 8.830015e-01
5.796365e-01 8.746215e-01
3.988407e-01 8.846620e-01
5.644459e-01 8.742683e-01
2.605724e-02 9.076227e-01
2.265151e-01 9.236045e-01
9.573482e-02 9.221979e-01
3.906221e-01 9.317131e-01
4.703490e-01 8.705107e-01
5.854609e-01 8.892920e-01
2.110728e-01 9.049266e-01
8.296782e-01 8.672479e-01
3.762714e-01 8.717995e-01
4.738750e-01 7.903221e-01
1.002123e+00 7.984271e-01
9.412182e-01 8.346584e-01
7.233572e-01 8.073702e-01
5.402508e-01 8.150019e-01
1.174935e+00 7.258850e-01
1.054490e+00 9.126828e-01
1.415934e+00 9.243876e-01
1.178219e+00 8.806678e-01
1.131720e+00 7.959877e-01
9.168668e-01 8.822530e-01
1.362659e+00 9.255435e-01
1.196170e+00 9.255840e-01
1.031040e+00 9.138794e-01
1.449784e+00 9.492874e-01
1.535573e+00 9.665565e-01
1.274416e+00 1.066617e+00
1.611837e+00 9.281654e-01
9.316779e-01 7.580065e-01
7.687184e-01 7.195413e-01
1.643214e+00 9.269034e-01
7.814245e-01 9.188344e-01
9.938259e-01 9.062521e-01
1.026666e+00 9.210309e-01
1.089777e+00 9.394763e-01
5.163707e-01 9.215551e-01
9.609799e-01 8.946928e-01
1.094506e+00 8.663654e-01
1.177277e+00 8.906445e-01
1.579236e+00 8.418340e-01
1.122206e+00 8.288780e-01
1.344890e+00 9.628901e-01
1.107951e+00 8.709391e-01
1.575592e+00 9.175670e-01
7.557483e-01 9.244455e-01
1.480158e+00 9.273336e-01
1.527146e+00 9.583115e-01
1.066529e+00 8.800306e-01
8.519237e-01 9.221959e-01
7.583421e-01 9.106925e-01
1.005416e+00 9.268603e-01
1.001492e+00 9.379250e-01
1.391127e+00 9.202998e-01
5.477697e-01 9.636707e-01
7.345958e-01 9.663310e-01
9.669877e-01 8.928908e-01
8.378587e-01 9.574929e-01
4.428317e-01 8.832089e-01
4.873688e-01 8.113756e-01
3.698052e-01 8.645961e-01
4.387712e-01 8.219011e-01
2.668101e-01 8.484622e-01
7.511662e-01 8.847219e-01
3.118519e-01 9.005601e-01
1.745717e-01 8.729582e-01
7.003387e-01 8.633199e-01
5.314230e-01 9.025676e-01
7.564356e-01 8.406925e-01
1.370246e+00 8.632284e-01
1.031384e+00 8.690602e-01
8.100335e-01 8.838969e-01
7.065937e-01 8.382093e-01
9.097003e-01 8.838046e-01
7.262112e-01 8.502809e-01
6.315191e-01 8.380615e-01
1.011124e+00 8.453352e-01
9.627026e-01 8.159685e-01
1.514177e+00 8.064116e-01
1.029202e+00 8.248960e-01
9.079624e-01 8.591099e-01
1.002183e+00 8.667954e-01
9.239840e-01 8.508670e-01
7.024762e-01 8.932531e-01
1.175989e+00 8.762890e-01
1.482829e+00 8.015342e-01
1.039672e+00 7.762709e-01
1.532052e+00 8.085108e-01
1.156326e+00 8.319057e-01
1.294277e+00 7.878700e-01
1.144572e+00 8.372055e-01
1.549533e+00 9.633954e-01
1.064726e+00 9.084968e-01
1.453679e+00 1.061254e+00
1.464855e+00 1.067860e+00
1.601368e+00 8.895643e-01
1.061723e+00 8.945342e-01
1.558248e+00 9.441845e-01
1.373188e+00 9.012401e-01
1.118651e+00 8.629256e-01
1.984950e+00 4.274846e-01
1.055220e+00 9.026998e-01
1.391034e+00 9.818221e-01
8.458577e-01 9.034385e-01
7.390164e-01 8.091822e-01
8.649124e-01 8.151790e-01
9.188920e-01 8.050867e-01
1.005075e+00 1.065966e+00
1.040903e+00 9.070415e-01
1.379567e+00 9.143560e-01
8.132251e-01 8.929791e-01
9.019836e-01 8.546740e-01
5.156443e-01 8.711094e-01
4.464385e-01 8.056717e-01
2.392072e-01 8.105316e-01
2.811182e-01 8.331839e-01
6.558785e-01 8.673156e-01
6.580896e-01 8.466425e-01
8.753184e-01 8.835515e-01
2.751234e-01 8.759999e-01
3.845541e-01 9.228233e-01
1.415140e-01 8.710975e-01
3.543375e-01 8.832138e-01
7.487767e-01 4.551446e-01
8.397534e-01 7.827590e-01
3.917814e-01 1.044786e+00
2.548491e-01 9.136953e-01
9.832074e-01 8.378819e-01
2.737946e-01 9.264236e-01
1.413422e-01 9.384873e-01
9.722119e-01 6.967768e-01
8.343902e-01 8.035439e-01
1.350914e+00 7.592652e-01
6.793198e-01 6.783080e-01
7.762909e-01 7.212700e-01
8.588895e-01 7.897674e-01
1.029774e+00 7.764239e-01
1.299130e+00 8.659104e-01
1.164395e+00 9.738659e-01
1.083860e+00 1.069058e+00
1.012860e+00 1.057090e+00
1.289522e+00 9.444953e-01
9.324041e-01 8.935713e-01
1.005386e+00 9.005371e-01
1.517390e+00 9.864925e-01
1.372239e+00 9.367998e-01
1.624198e+00 9.186672e-01
1.170214e+00 9.259689e-01
