# y_true	y_pred
-3.589915e-01 -4.173619e-01
-5.792397e-01 -3.105131e-01
-3.039317e-01 -4.622877e-01
-4.945628e-01 -4.844491e-01
-5.047721e-01 -2.531951e-01
-2.556584e-01 -2.375073e-01
-4.629770e-01 -4.267973e-01
-1.476019e-01 -2.250233e-01
-4.647784e-01 -4.829025e-01
-3.951088e-01 -4.862198e-01
-2.423200e-01 -4.512993e-01
1.190877e-01 -5.025610e-01
2.387288e-01 -2.822779e-01
-2.625845e-01 -3.923508e-01
-2.406546e-01 -2.766535e-01
-5.312475e-02 -2.612579e-01
-6.567045e-02 -2.189696e-01
1.078903e-01 -2.214251e-01
-1.781564e-03 -2.740231e-01
5.425850e-01 -2.466229e-01
1.443900e-01 -2.053116e-01
-2.339189e-01 -3.372686e-01
3.406435e-02 -3.434149e-01
-1.352103e-01 -3.177065e-01
-4.108109e-01 -2.862306e-01
-9.985477e-02 -3.737075e-01
-2.982986e-01 -2.507899e-01
-2.897766e-01 -2.635253e-01
-5.662748e-01 -3.897416e-01
-6.217284e-01 -3.625469e-01
-3.930530e-01 -2.891419e-01
-9.244564e-02 -2.815327e-01
-1.500062e-01 -3.279295e-01
-5.822500e-01 -4.955587e-01
-2.084098e-01 -2.283700e-01
-4.646437e-01 -3.090090e-01
-3.318068e-01 -5.036256e-01
-5.589286e-02 -4.878192e-01
-2.875785e-01 -5.147222e-01
-1.792782e-01 -5.041465e-01
-1.891876e-01 -5.061789e-01
-4.896003e-01 -5.006924e-01
1.362327e-01 -5.107692e-01
1.119418e-01 -3.276471e-01
2.041228e-01 -4.379240e-01
-1.553021e-01 -4.365612e-01
-3.326484e-02 -3.084861e-01
4.734435e-02 -3.133078e-01
-3.999418e-01 -4.950560e-01
-2.240730e-01 -4.900466e-01
-4.287157e-01 -4.716905e-01
-2.011634e-01 -4.283527e-01
1.232583e-01 -2.621173e-01
-9.404656e-02 -2.543476e-01
5.018521e-01 -2.632399e-01
-3.178913e-01 -2.998778e-01
1.237781e-02 -2.842552e-01
-5.789897e-01 -3.481472e-01
-2.491298e-01 -2.816576e-01
-8.710661e-02 -2.485442e-01
5.423057e-01 -2.650424e-01
-9.545236e-02 -2.983928e-01
-6.077067e-02 -2.927789e-01
-4.965395e-01 -3.185744e-01
-3.697639e-01 -4.608626e-01
-3.734757e-01 -3.427263e-01
-3.520659e-01 -3.227710e-01
-1.989541e-02 -3.120233e-01
6.552418e-02 -4.205073e-01
-4.322260e-01 -3.326637e-01
-5.622986e-02 -4.174729e-01
-3.067671e-01 -3.148545e-01
-4.584531e-01 -2.737624e-01
-2.635765e-01 -2.724546e-01
-2.214424e-01 -4.598072e-01
-3.663413e-01 -3.424025e-01
-3.318315e-01 -2.802727e-01
-1.711621e-01 -3.138906e-01
-4.316563e-01 -4.788292e-01
-1.653240e-01 -2.469664e-01
-3.081347e-01 -2.622339e-01
-1.451954e-01 -2.649599e-01
-5.470335e-01 -2.772770e-01
-7.151685e-01 -2.964125e-01
-3.981369e-01 -2.581424e-01
-5.116947e-02 -2.489333e-01
-3.359261e-01 -4.014777e-01
-5.989043e-01 -3.521684e-01
-6.778010e-01 -3.757623e-01
-9.154790e-02 -4.649402e-01
-5.552470e-01 -4.818538e-01
-5.779927e-01 -4.787891e-01
2.528529e-01 -4.804578e-01
-2.338856e-01 -3.394768e-01
-3.290013e-01 -4.694272e-01
-5.991761e-01 -4.366041e-01
-5.526596e-01 -4.390527e-01
-6.900917e-01 -5.038282e-01
-7.783701e-01 -4.785289e-01
-5.850031e-01 -4.823183e-01
-4.932472e-01 -4.751328e-01
-2.118986e-01 -4.935226e-01
-3.653335e-01 -4.429129e-01
-6.528021e-01 -4.735523e-01
-4.630022e-01 -4.906641e-01
-6.000691e-01 -4.277797e-01
-1.162931e-01 -2.946710e-01
-2.595604e-01 -2.938838e-01
-5.659283e-01 -3.967761e-01
-2.815865e-01 -2.863946e-01
-6.688862e-01 -3.246614e-01
-5.523005e-01 -2.832161e-01
-6.041205e-01 -2.900755e-01
-3.850389e-01 -2.908119e-01
-4.075371e-01 -2.974054e-01
-2.604735e-01 -2.846027e-01
-7.514846e-01 -3.080357e-01
-2.086519e-01 -2.831111e-01
-2.152571e-01 -3.342078e-01
-5.154873e-01 -3.923453e-01
-2.878083e-01 -3.709197e-01
2.174265e-02 -3.641715e-01
-4.867807e-01 -3.289490e-01
-4.643700e-01 -3.434076e-01
-5.686633e-01 -4.918911e-01
-6.169435e-01 -4.303258e-01
-6.987501e-01 -3.649220e-01
-4.428946e-01 -2.977070e-01
-4.109789e-01 -3.989965e-01
-2.097845e-01 -4.986913e-01
-4.515632e-01 -2.708275e-01
-5.027072e-01 -2.509291e-01
-3.571080e-01 -2.904691e-01
-7.179884e-01 -2.603990e-01
-4.482114e-01 -2.246120e-01
-8.954508e-01 -3.112205e-01
-4.159246e-01 -3.349063e-01
-4.663653e-01 -3.584231e-01
1.605292e-01 -4.674193e-01
-4.259551e-01 -2.835773e-01
-3.326056e-01 -4.726488e-01
-3.211689e-01 -4.012779e-01
-5.793603e-01 -4.808319e-01
3.273834e-01 -3.485130e-01
-5.332239e-02 -2.174651e-01
4.722318e-02 -2.560627e-01
-1.941908e-01 -3.239536e-01
-1.566154e-01 -2.650481e-01
-2.199817e-02 -3.587202e-01
-5.963490e-01 -3.056338e-01
-3.115357e-01 -1.682020e-01
-3.650351e-01 -2.630759e-01
-3.062974e-01 -3.426522e-01
-4.383146e-01 -4.334668e-01
-2.199415e-01 -2.726100e-01
6.082286e-02 -2.071407e-01
-1.347341e-01 -3.856593e-01
-5.978472e-01 -4.148054e-01
-5.325421e-01 -3.708441e-01
-4.942800e-01 -4.907351e-01
-4.304344e-02 -4.967618e-01
-2.881299e-01 -4.992661e-01
-3.534390e-01 -4.462971e-01
-5.254759e-01 -3.548145e-01
-2.345353e-01 -4.594436e-01
-1.004187e-01 -4.442359e-01
1.495037e-01 -3.147992e-01
-4.683792e-01 -4.042878e-01
-1.311898e-03 -3.254635e-01
-6.515524e-01 -4.772300e-01
-4.413581e-01 -3.974456e-01
-6.935136e-02 -3.016196e-01
2.575658e-01 -2.754250e-01
-6.650300e-01 -3.686736e-01
-9.963480e-03 -2.682891e-01
-1.460389e-02 -2.041480e-01
-2.320721e-01 -2.132281e-01
2.106268e-01 -2.676324e-01
3.596506e-01 -2.016679e-01
-2.529939e-01 -2.620745e-01
2.426301e-01 -2.320102e-01
7.717565e-02 -2.543052e-01
7.102826e-02 -2.781407e-01
1.149094e-02 -2.665565e-01
2.394265e-01 -2.271517e-01
-2.843479e-01 -3.796747e-01
-3.714354e-01 -3.722868e-01
-1.944257e-01 -3.259589e-01
-2.000889e-01 -2.687722e-01
-7.334190e-03 -3.740864e-01
-4.419501e-01 -2.960251e-01
-2.821370e-01 -3.366151e-01
-3.429244e-01 -2.772081e-01
-5.583035e-01 -2.959962e-01
-1.769208e-01 -2.798851e-01
-1.301758e-01 -3.918806e-01
-2.879649e-01 -2.834345e-01
-1.976431e-02 -3.748802e-01
-4.488942e-01 -3.472581e-01
-1.201356e-01 -1.765457e-01
-4.172575e-01 -2.251516e-01
-1.936573e-01 -2.906301e-01
-3.996040e-02 -2.370751e-01
-3.041437e-01 -2.259051e-01
-3.702970e-01 -2.277080e-01
2.376007e-01 -2.204674e-01
-2.436219e-01 -2.546277e-01
-1.699905e-01 -2.425423e-01
-1.726884e-01 4.189022e-02
-3.980223e-01 -2.269848e-01
-2.114648e-01 -1.934799e-01
-7.131952e-01 -3.647999e-01
-6.473661e-01 -3.663042e-01
-4.609740e-01 -3.643177e-01
-2.887028e-01 -3.787815e-01
-7.256165e-01 -5.201316e-01
-3.916448e-01 -3.199082e-01
-2.318977e-01 -4.860432e-01
-4.909826e-02 -4.034385e-01
-2.881679e-01 -3.802248e-01
-4.819434e-01 -4.208551e-01
-6.684187e-01 -4.440816e-01
-4.111682e-01 -4.605806e-01
-3.900697e-01 -3.872218e-01
-5.401880e-01 -4.258832e-01
-4.797215e-01 -4.470099e-01
-4.334200e-01 -4.635417e-01
-5.739044e-01 -3.108531e-01
-3.242562e-01 -2.699229e-01
-6.485694e-01 -3.776771e-01
-6.353532e-01 -3.328525e-01
-2.489602e-01 -5.683272e-02
-9.456033e-02 -2.422426e-01
-2.187023e-01 -3.777730e-01
1.881713e-02 -2.206212e-01
2.677106e-02 -2.834547e-01
-3.724920e-01 -2.204845e-01
-4.796770e-01 -2.402665e-01
1.219999e-02 -3.309393e-01
-3.290306e-01 -3.108142e-01
-6.789397e-03 -3.878741e-01
4.410898e-02 -3.521757e-01
-2.683906e-01 -4.764277e-01
-3.902515e-01 -4.539652e-01
-3.191282e-01 -4.504589e-01
-6.581389e-01 -3.288879e-01
-4.615315e-01 -2.175427e-01
-6.892855e-01 -5.675905e-01
-7.060338e-01 -4.099767e-01
-7.564047e-01 -2.302646e-01
-3.129432e-01 -2.555926e-01
-5.147857e-01 -3.122944e-01
-6.653529e-01 -2.275496e-01
-1.934080e-01 -2.006409e-01
-5.452912e-01 -2.979292e-01
-7.735378e-01 -2.576400e-01
