# y_true	y_pred
-3.032485e+00 -2.926209e+00
-2.719877e+00 -2.654347e+00
-3.141512e+00 -3.009991e+00
-2.859775e+00 -2.885566e+00
-2.708898e+00 -2.747756e+00
-2.459595e+00 -2.677863e+00
-2.563344e+00 -2.872079e+00
-2.873999e+00 -2.703689e+00
-2.828303e+00 -2.906705e+00
-2.764345e+00 -2.874959e+00
-3.000201e+00 -2.826433e+00
-2.719718e+00 -2.876866e+00
-2.525521e+00 -2.844615e+00
-2.867324e+00 -2.882014e+00
-2.539899e+00 -2.697796e+00
-2.442493e+00 -2.700542e+00
-2.329031e+00 -2.669369e+00
-2.118627e+00 -2.645417e+00
-2.685122e+00 -2.813971e+00
-2.123165e+00 -2.638472e+00
-2.222153e+00 -2.629077e+00
-2.639085e+00 -2.840150e+00
-2.971591e+00 -2.884616e+00
-2.441892e+00 -2.856354e+00
-2.519777e+00 -2.859522e+00
-3.064448e+00 -2.903865e+00
-2.761703e+00 -2.731795e+00
-2.805486e+00 -2.749401e+00
-2.981383e+00 -2.877446e+00
-2.514690e+00 -2.630596e+00
-2.968188e+00 -2.776317e+00
-2.527478e+00 -2.699817e+00
-2.551108e+00 -2.783339e+00
-2.802775e+00 -2.907765e+00
-2.729624e+00 -2.671966e+00
-2.563599e+00 -2.704153e+00
-2.822117e+00 -2.995456e+00
-2.408490e+00 -2.878495e+00
-2.865058e+00 -2.830435e+00
-2.962813e+00 -2.765326e+00
-2.615360e+00 -2.970433e+00
-2.990167e+00 -2.767381e+00
-2.549566e+00 -2.888625e+00
-2.439209e+00 -2.755195e+00
-2.333847e+00 -2.866773e+00
-2.903820e+00 -2.952599e+00
-2.553230e+00 -2.724452e+00
-2.560352e+00 -2.881379e+00
-3.034257e+00 -3.104062e+00
-2.927456e+00 -3.024807e+00
-3.014548e+00 -2.939470e+00
-2.711773e+00 -2.881024e+00
-2.642751e+00 -2.715509e+00
-2.668532e+00 -2.742223e+00
-2.609383e+00 -2.818548e+00
-2.824343e+00 -2.748517e+00
-2.821311e+00 -2.735430e+00
-3.042798e+00 -2.750748e+00
-2.775312e+00 -2.842147e+00
-2.773916e+00 -2.710958e+00
-2.445996e+00 -2.764192e+00
-2.896230e+00 -2.930187e+00
-2.983050e+00 -2.891233e+00
-2.726628e+00 -2.878011e+00
-2.816076e+00 -2.972979e+00
-2.954755e+00 -2.890445e+00
-2.943820e+00 -2.918369e+00
-2.867260e+00 -2.889571e+00
-2.706439e+00 -2.890515e+00
-3.119452e+00 -2.908355e+00
-3.044788e+00 -3.094604e+00
-2.964410e+00 -2.995098e+00
-3.068211e+00 -2.808237e+00
-2.690561e+00 -2.854278e+00
-3.193732e+00 -2.950383e+00
-2.907455e+00 -2.882761e+00
-2.685753e+00 -2.879122e+00
-3.059814e+00 -2.934147e+00
-3.188707e+00 -3.138144e+00
-2.697431e+00 -2.702059e+00
-2.810622e+00 -2.805088e+00
-2.423152e+00 -2.790331e+00
-3.075853e+00 -2.838550e+00
-3.109084e+00 -2.890773e+00
-2.893639e+00 -2.742357e+00
-2.632085e+00 -2.695160e+00
-3.045545e+00 -2.993020e+00
-2.766091e+00 -2.864341e+00
-2.966295e+00 -2.829953e+00
-2.674320e+00 -3.029322e+00
-2.530237e+00 -3.026591e+00
-3.119558e+00 -3.070906e+00
-2.465872e+00 -2.877629e+00
-2.730627e+00 -2.863885e+00
-2.984096e+00 -3.172610e+00
-3.026769e+00 -2.959938e+00
-3.213439e+00 -2.921141e+00
-2.982967e+00 -2.891333e+00
-3.179882e+00 -2.931671e+00
-2.769500e+00 -3.034850e+00
-3.028619e+00 -3.038333e+00
-2.653686e+00 -2.973950e+00
-2.986194e+00 -2.863890e+00
-3.201646e+00 -3.035297e+00
-2.936254e+00 -3.130220e+00
-2.862551e+00 -2.829496e+00
-2.760675e+00 -2.877253e+00
-2.911297e+00 -2.773165e+00
-2.960467e+00 -2.615340e+00
-3.113427e+00 -2.674415e+00
-2.951170e+00 -2.764874e+00
-3.099293e+00 -2.850039e+00
-2.902639e+00 -2.767324e+00
-2.868927e+00 -2.723231e+00
-2.737217e+00 -2.887517e+00
-2.882961e+00 -2.830223e+00
-3.176901e+00 -2.679962e+00
-2.875920e+00 -2.888052e+00
-2.877162e+00 -2.941209e+00
-2.823099e+00 -3.136459e+00
-2.991613e+00 -3.086094e+00
-2.673808e+00 -2.995883e+00
-3.007760e+00 -2.877203e+00
-2.639198e+00 -2.931758e+00
-3.077215e+00 -3.006922e+00
-3.080687e+00 -2.927500e+00
-2.991570e+00 -2.859794e+00
-2.679791e+00 -2.839166e+00
-2.502158e+00 -2.913335e+00
-3.089451e+00 -3.077565e+00
-3.163025e+00 -2.802388e+00
-3.035356e+00 -2.717510e+00
-2.947652e+00 -2.879014e+00
-2.992039e+00 -2.726854e+00
-2.864359e+00 -2.681458e+00
-2.920276e+00 -2.718825e+00
-2.809416e+00 -2.870902e+00
-2.951053e+00 -2.879998e+00
-3.185607e+00 -3.037313e+00
-2.480526e+00 -2.687718e+00
-2.725288e+00 -2.874971e+00
-2.935992e+00 -2.875553e+00
-2.882563e+00 -2.878479e+00
-2.326629e+00 -2.704578e+00
-2.591319e+00 -2.671025e+00
-2.357832e+00 -2.776955e+00
-2.827310e+00 -2.906362e+00
-2.855208e+00 -2.784343e+00
-2.843693e+00 -2.903557e+00
-2.964650e+00 -2.874440e+00
-2.933004e+00 -2.670010e+00
-2.779134e+00 -2.722581e+00
-2.732828e+00 -2.741894e+00
-2.547953e+00 -2.753434e+00
-2.854928e+00 -2.727979e+00
-2.445535e+00 -2.654557e+00
-2.749629e+00 -2.923043e+00
-2.728437e+00 -2.786198e+00
-2.961062e+00 -2.817482e+00
-2.801590e+00 -2.848844e+00
-2.777908e+00 -2.833534e+00
-2.913249e+00 -2.891258e+00
-2.537273e+00 -2.601871e+00
-2.919879e+00 -2.641084e+00
-2.868157e+00 -2.929026e+00
-2.557661e+00 -2.724148e+00
-2.727532e+00 -2.853324e+00
-3.165274e+00 -2.863548e+00
-2.761502e+00 -2.663330e+00
-3.192985e+00 -3.027469e+00
-3.057108e+00 -2.883351e+00
-2.829768e+00 -2.824859e+00
-2.555206e+00 -2.785481e+00
-3.150124e+00 -2.863139e+00
-2.775804e+00 -2.783167e+00
-2.528371e+00 -2.663847e+00
-2.606916e+00 -2.714900e+00
-2.703927e+00 -2.846962e+00
-2.368993e+00 -2.689408e+00
-2.801151e+00 -2.807971e+00
-2.685332e+00 -2.715639e+00
-2.915889e+00 -2.826071e+00
-2.747584e+00 -2.829624e+00
-2.774639e+00 -2.859046e+00
-2.536391e+00 -2.723141e+00
-2.668269e+00 -2.931416e+00
-2.801233e+00 -2.917335e+00
-3.091484e+00 -2.873219e+00
-2.860908e+00 -2.858572e+00
-2.892994e+00 -2.881220e+00
-3.095642e+00 -2.838316e+00
-2.804322e+00 -2.880591e+00
-2.714825e+00 -2.775451e+00
-3.163348e+00 -2.857411e+00
-3.032480e+00 -2.733623e+00
-2.841819e+00 -2.977767e+00
-3.207604e+00 -2.868683e+00
-2.665184e+00 -2.908476e+00
-3.045325e+00 -2.959967e+00
-2.619047e+00 -2.662528e+00
-2.598169e+00 -2.708402e+00
-2.797648e+00 -2.647603e+00
-2.623989e+00 -2.695310e+00
-2.966938e+00 -2.753849e+00
-2.766015e+00 -2.667647e+00
-2.341311e+00 -2.689056e+00
-2.875072e+00 -2.833392e+00
-2.567464e+00 -2.796138e+00
-3.053075e+00 -2.682796e+00
-3.030993e+00 -2.713307e+00
-2.824227e+00 -2.675386e+00
-3.011171e+00 -2.870477e+00
-3.041710e+00 -3.040927e+00
-2.601921e+00 -2.909630e+00
-3.024309e+00 -2.908390e+00
-3.116476e+00 -2.735722e+00
-2.907841e+00 -2.835237e+00
-2.727393e+00 -2.896247e+00
-2.725727e+00 -2.773672e+00
-3.071232e+00 -2.937215e+00
-2.408446e+00 -2.880937e+00
-3.181009e+00 -2.912388e+00
-3.113248e+00 -2.909554e+00
-2.878407e+00 -2.740354e+00
-2.706372e+00 -2.873020e+00
-2.969724e+00 -2.944778e+00
-2.948076e+00 -2.886029e+00
-2.778873e+00 -2.679750e+00
-2.587371e+00 -2.610791e+00
-3.069857e+00 -2.815976e+00
-2.972487e+00 -2.851832e+00
-2.511111e+00 -2.764132e+00
-2.520410e+00 -2.870505e+00
-2.989446e+00 -2.684152e+00
-2.482580e+00 -2.646251e+00
-2.740502e+00 -2.882345e+00
-2.976706e+00 -2.686370e+00
-2.890995e+00 -2.674487e+00
-2.961022e+00 -2.911166e+00
-3.062499e+00 -2.926175e+00
-3.138580e+00 -3.054855e+00
-2.940929e+00 -2.919532e+00
-3.107319e+00 -3.001181e+00
-3.018078e+00 -3.038730e+00
-2.938736e+00 -3.009468e+00
-3.112810e+00 -2.904268e+00
-2.904273e+00 -2.665768e+00
-2.579071e+00 -2.766173e+00
-2.749800e+00 -2.641134e+00
-3.075950e+00 -2.708750e+00
-3.128939e+00 -2.780758e+00
-3.069432e+00 -2.868762e+00
-3.238543e+00 -2.713481e+00
-2.544242e+00 -2.688820e+00
-3.215713e+00 -2.865316e+00
-2.980676e+00 -2.685733e+00
