# y_true	y_pred
1.186425e+00 7.790716e-01
4.695812e-01 8.880772e-01
1.513159e+00 8.102021e-01
1.246888e+00 1.404026e+00
1.597725e+00 1.422073e+00
1.319937e+00 1.415441e+00
9.947162e-01 1.090182e+00
1.819360e+00 1.355006e+00
1.182485e+00 1.180858e+00
1.138485e+00 1.170069e+00
7.990934e-01 1.209953e+00
8.143620e-01 1.193991e+00
9.574599e-01 1.157801e+00
1.175589e+00 1.052974e+00
9.501334e-01 1.138129e+00
8.372197e-01 9.593537e-01
7.224544e-01 9.961842e-01
1.117432e+00 1.008432e+00
9.100717e-01 1.121772e+00
7.455399e-01 1.058168e+00
7.925926e-01 1.009508e+00
1.241902e+00 1.053297e+00
1.518080e+00 9.414630e-01
1.274427e+00 1.131090e+00
1.193751e+00 8.771636e-01
1.554300e+00 8.747240e-01
1.150862e+00 1.146551e+00
1.512849e+00 1.312902e+00
6.108944e-01 1.028975e+00
9.450978e-01 1.104449e+00
1.282408e+00 1.139986e+00
1.425919e+00 1.127146e+00
1.179347e+00 1.125922e+00
5.778920e-01 1.006881e+00
1.364424e+00 1.234119e+00
1.219926e+00 1.099127e+00
9.661923e-01 1.139605e+00
8.610308e-01 1.139257e+00
1.129220e+00 1.272673e+00
1.154849e+00 1.286457e+00
7.929711e-01 1.209741e+00
1.011122e+00 1.184493e+00
1.262695e+00 1.228692e+00
1.186279e+00 1.121320e+00
1.361882e+00 1.068659e+00
6.064180e-01 8.606144e-01
8.499151e-01 1.035010e+00
7.848800e-01 1.042027e+00
1.131466e+00 9.925709e-01
1.346516e+00 1.155090e+00
9.197096e-01 9.713745e-01
1.102518e+00 1.074398e+00
8.365888e-01 9.565228e-01
1.120781e+00 9.168524e-01
1.114528e+00 9.435189e-01
6.813880e-01 8.326214e-01
9.523873e-01 8.895725e-01
7.576933e-01 8.556606e-01
1.384192e+00 9.272785e-01
1.167906e+00 1.029017e+00
1.370008e+00 1.000851e+00
1.321622e+00 8.811466e-01
1.214469e+00 8.845035e-01
1.442308e+00 1.050643e+00
1.531827e+00 8.896911e-01
1.321205e+00 1.056870e+00
1.382031e+00 1.112677e+00
1.346175e+00 9.001713e-01
1.551684e+00 9.729971e-01
1.165001e+00 9.302567e-01
1.494583e+00 9.404983e-01
1.314628e+00 9.819146e-01
1.098867e+00 1.138481e+00
1.069579e+00 9.231575e-01
1.472316e+00 9.209004e-01
1.082374e+00 9.834452e-01
1.491715e+00 1.027698e+00
1.281505e+00 8.802282e-01
1.202542e+00 9.266289e-01
1.308220e+00 1.221127e+00
1.370591e+00 1.130527e+00
1.099623e+00 1.027475e+00
1.242920e+00 1.253241e+00
1.436702e+00 1.162563e+00
1.282633e+00 1.290399e+00
1.476220e+00 1.166286e+00
8.777261e-01 9.074534e-01
8.423672e-01 9.537681e-01
1.047507e+00 8.950069e-01
1.027415e+00 1.002540e+00
8.451033e-01 9.430354e-01
9.808558e-01 9.156529e-01
1.196740e+00 1.173191e+00
1.034130e+00 7.464551e-01
1.001716e+00 9.336507e-01
8.839471e-01 9.289812e-01
6.682016e-01 8.264340e-01
5.030521e-01 9.231830e-01
4.704541e-01 7.735407e-01
5.420953e-01 8.576413e-01
4.228275e-01 7.900799e-01
5.168949e-01 7.649319e-01
6.449279e-01 8.108575e-01
7.729381e-01 8.882323e-01
8.872410e-01 8.903624e-01
5.957793e-01 8.584124e-01
1.362360e+00 8.825364e-01
1.050330e+00 8.601608e-01
6.642531e-01 6.904688e-01
1.023387e+00 8.190203e-01
5.799842e-01 9.275820e-01
9.663197e-01 9.456005e-01
6.934568e-01 9.265246e-01
7.852082e-01 8.879969e-01
8.275960e-01 9.668782e-01
1.117908e+00 9.970117e-01
6.881853e-01 8.751684e-01
1.176639e+00 9.571751e-01
6.871641e-01 9.571388e-01
8.749675e-01 8.914960e-01
1.062773e+00 9.114719e-01
1.088576e+00 9.245256e-01
9.328905e-01 9.036386e-01
9.433498e-01 9.363411e-01
1.408346e+00 8.727248e-01
1.068257e+00 1.143136e+00
1.467471e+00 1.280776e+00
1.182802e+00 1.212611e+00
1.438192e+00 9.541495e-01
1.014240e+00 9.448868e-01
1.435795e+00 1.379985e+00
1.226983e+00 1.307726e+00
1.101036e+00 1.322496e+00
1.497397e+00 1.384165e+00
1.553395e+00 1.356331e+00
1.507095e+00 1.462253e+00
1.670316e+00 1.395841e+00
1.247668e+00 9.051689e-01
9.879625e-01 9.347683e-01
1.619435e+00 1.395275e+00
9.899444e-01 1.311753e+00
7.856347e-01 1.240607e+00
1.080549e+00 1.377898e+00
1.267871e+00 1.186198e+00
9.103901e-01 1.175302e+00
1.336464e+00 1.299505e+00
1.249331e+00 9.837041e-01
1.292153e+00 1.120177e+00
1.560744e+00 8.817347e-01
1.300639e+00 9.125090e-01
1.317941e+00 1.418220e+00
1.346730e+00 9.254879e-01
1.586715e+00 1.178523e+00
8.969947e-01 1.204429e+00
1.495349e+00 1.337727e+00
1.543124e+00 1.258999e+00
9.615606e-01 1.168511e+00
9.985879e-01 1.026285e+00
8.701455e-01 1.185589e+00
1.067724e+00 1.371975e+00
9.793013e-01 1.353695e+00
1.344473e+00 1.367605e+00
6.252081e-01 1.035353e+00
1.007441e+00 1.077910e+00
7.412363e-01 9.600322e-01
8.445292e-01 1.319809e+00
6.484460e-01 9.281355e-01
6.373835e-01 8.892230e-01
4.985720e-01 8.718165e-01
7.284235e-01 8.445904e-01
5.314077e-01 8.696349e-01
1.263169e+00 8.979770e-01
5.472113e-01 9.113103e-01
6.754026e-01 8.570077e-01
1.278240e+00 8.707749e-01
8.958879e-01 1.022299e+00
1.249418e+00 1.017669e+00
1.535247e+00 1.002278e+00
1.311062e+00 1.010610e+00
1.260748e+00 1.002907e+00
1.116673e+00 8.896781e-01
1.039910e+00 9.224176e-01
1.042101e+00 8.695684e-01
1.380866e+00 8.860831e-01
1.495661e+00 9.214247e-01
1.344080e+00 9.677217e-01
1.662955e+00 9.613747e-01
1.345334e+00 9.688832e-01
1.140603e+00 1.043154e+00
1.368608e+00 9.306059e-01
1.174666e+00 1.035777e+00
1.162065e+00 1.042804e+00
1.389130e+00 1.022184e+00
1.475416e+00 9.317909e-01
1.674581e+00 9.707550e-01
1.329908e+00 9.247110e-01
1.862124e+00 9.151255e-01
1.296879e+00 9.455877e-01
1.527025e+00 8.674191e-01
1.563260e+00 1.340296e+00
1.111384e+00 1.220909e+00
1.450986e+00 1.448057e+00
1.521519e+00 1.480293e+00
1.641058e+00 1.173439e+00
1.082878e+00 1.189985e+00
1.573770e+00 1.312551e+00
1.272107e+00 1.275707e+00
1.098345e+00 9.785436e-01
2.036154e+00 7.191169e-01
1.095123e+00 1.125389e+00
1.435795e+00 1.261838e+00
7.956474e-01 9.865310e-01
1.006978e+00 9.104928e-01
8.796988e-01 8.986772e-01
9.945108e-01 9.128329e-01
9.930831e-01 1.233091e+00
1.140349e+00 1.199649e+00
1.362222e+00 1.310717e+00
6.626074e-01 1.194689e+00
1.186778e+00 9.531133e-01
6.902068e-01 1.122324e+00
6.973752e-01 8.819258e-01
4.743763e-01 8.752149e-01
5.840039e-01 8.777021e-01
7.411859e-01 9.795415e-01
8.419055e-01 9.274068e-01
6.574637e-01 1.026792e+00
7.710023e-01 9.030114e-01
7.376843e-01 9.584721e-01
5.934042e-01 8.879082e-01
8.624427e-01 8.811169e-01
9.922005e-01 7.643034e-01
1.155949e+00 1.068819e+00
5.508771e-01 1.326829e+00
5.988869e-01 1.048742e+00
1.370378e+00 9.111881e-01
8.456102e-01 1.059455e+00
5.345865e-01 1.034148e+00
1.374533e+00 9.520439e-01
1.152247e+00 9.580113e-01
1.560496e+00 9.608000e-01
1.123291e+00 9.354801e-01
1.230314e+00 8.937163e-01
1.170311e+00 9.378449e-01
1.333616e+00 9.230887e-01
1.538497e+00 1.201782e+00
1.274509e+00 1.249042e+00
1.221665e+00 1.563847e+00
1.194332e+00 1.417966e+00
1.392167e+00 1.426299e+00
1.021062e+00 1.369307e+00
1.064464e+00 1.410413e+00
1.592434e+00 1.414558e+00
1.466202e+00 1.290838e+00
1.698470e+00 1.441336e+00
1.302622e+00 1.430082e+00
