# y_true	y_pred
9.649658e-01 7.987809e-01
4.406148e-01 1.085451e+00
1.471936e+00 6.851372e-01
1.229515e+00 1.147859e+00
1.593455e+00 1.405103e+00
1.252644e+00 1.067726e+00
9.947384e-01 1.325834e+00
1.799324e+00 1.375157e+00
1.171823e+00 1.100871e+00
1.096861e+00 1.115247e+00
7.094201e-01 1.098922e+00
8.242003e-01 1.059763e+00
9.275691e-01 9.531003e-01
1.082603e+00 1.056692e+00
9.072965e-01 1.042562e+00
7.995449e-01 1.175055e+00
6.951020e-01 1.222446e+00
1.096278e+00 1.098337e+00
8.636200e-01 9.581962e-01
7.221389e-01 1.153689e+00
7.512062e-01 1.147839e+00
1.172056e+00 9.705461e-01
1.501319e+00 1.011260e+00
1.210959e+00 1.008134e+00
1.133398e+00 1.025295e+00
1.539422e+00 9.483712e-01
1.093612e+00 1.034681e+00
1.493411e+00 1.006998e+00
6.126938e-01 1.022494e+00
9.286807e-01 9.418900e-01
1.224247e+00 1.131457e+00
1.427064e+00 9.679414e-01
1.159620e+00 9.895469e-01
6.311397e-01 1.053543e+00
1.369981e+00 1.239054e+00
1.230625e+00 1.269374e+00
8.441727e-01 1.021913e+00
8.954676e-01 1.015108e+00
1.138475e+00 1.056045e+00
1.174584e+00 1.127908e+00
6.225684e-01 9.810218e-01
9.960246e-01 1.246185e+00
1.323050e+00 1.119612e+00
1.133186e+00 9.337893e-01
1.339696e+00 1.006271e+00
5.898511e-01 1.004882e+00
7.760072e-01 1.017785e+00
7.377338e-01 9.112971e-01
1.087079e+00 9.770935e-01
1.273325e+00 9.912248e-01
8.192851e-01 8.943229e-01
1.007322e+00 9.551677e-01
7.873875e-01 9.841666e-01
1.058965e+00 1.042714e+00
1.035327e+00 1.014828e+00
6.290878e-01 9.820166e-01
8.975815e-01 1.007092e+00
6.916947e-01 9.264194e-01
1.314203e+00 1.149118e+00
1.144644e+00 1.069836e+00
1.351977e+00 1.099169e+00
1.291188e+00 1.025170e+00
1.159232e+00 1.127451e+00
1.421515e+00 1.050484e+00
1.491711e+00 8.192995e-01
1.246430e+00 9.899672e-01
1.361868e+00 1.139745e+00
1.315364e+00 9.772899e-01
1.458168e+00 8.618023e-01
1.073595e+00 8.745741e-01
1.410975e+00 9.702901e-01
1.312642e+00 9.669598e-01
1.108713e+00 1.020829e+00
1.035240e+00 1.007282e+00
1.461458e+00 8.128730e-01
1.049159e+00 8.696246e-01
1.492430e+00 1.031772e+00
1.196719e+00 1.038863e+00
1.157220e+00 8.650819e-01
1.286610e+00 1.387049e+00
1.367387e+00 1.210599e+00
1.138027e+00 1.089221e+00
1.230034e+00 1.095473e+00
1.426182e+00 1.025445e+00
1.245621e+00 1.129688e+00
1.479127e+00 1.382279e+00
8.866556e-01 9.087856e-01
7.171263e-01 9.857843e-01
8.893713e-01 8.938518e-01
1.028019e+00 9.272368e-01
5.835730e-01 9.006151e-01
7.969130e-01 9.745589e-01
1.127214e+00 9.761846e-01
8.601166e-01 8.717172e-01
8.810803e-01 9.119524e-01
5.452312e-01 8.410561e-01
6.061456e-01 8.760089e-01
4.021249e-01 1.077839e+00
4.278206e-01 8.056047e-01
4.421372e-01 8.485177e-01
3.650177e-01 8.072320e-01
4.379744e-01 8.112935e-01
5.941136e-01 9.571557e-01
7.346575e-01 9.052112e-01
7.480557e-01 9.120296e-01
5.599051e-01 9.268163e-01
1.332025e+00 1.049344e+00
1.010032e+00 1.032310e+00
6.450197e-01 9.221717e-01
9.666432e-01 9.942925e-01
5.369914e-01 9.532697e-01
9.411764e-01 1.077675e+00
6.663457e-01 1.180298e+00
7.436486e-01 9.462894e-01
7.883680e-01 9.423008e-01
1.073292e+00 9.737366e-01
6.432710e-01 1.013629e+00
1.137775e+00 9.562292e-01
6.692838e-01 9.225905e-01
8.317609e-01 7.783680e-01
1.024838e+00 8.430978e-01
1.070364e+00 8.017830e-01
8.816536e-01 8.091803e-01
8.899131e-01 7.958388e-01
1.365962e+00 7.265655e-01
1.043190e+00 9.158151e-01
1.456306e+00 1.039540e+00
1.177463e+00 1.039344e+00
1.428307e+00 8.721663e-01
9.977600e-01 7.771804e-01
1.392785e+00 1.071209e+00
1.230658e+00 1.270614e+00
1.064644e+00 1.228373e+00
1.457691e+00 1.083907e+00
1.544706e+00 1.221792e+00
1.314693e+00 1.247599e+00
1.633783e+00 1.131490e+00
1.048500e+00 7.443321e-01
9.685940e-01 6.634954e-01
1.640053e+00 1.219962e+00
9.248547e-01 1.152177e+00
8.123145e-01 1.155042e+00
1.125320e+00 1.149505e+00
1.181019e+00 1.138014e+00
8.443522e-01 1.178049e+00
1.279572e+00 1.223249e+00
1.203332e+00 1.058607e+00
1.259325e+00 1.100710e+00
1.583493e+00 9.622135e-01
1.227889e+00 9.840273e-01
1.269168e+00 1.461948e+00
1.301840e+00 1.027362e+00
1.570614e+00 1.206248e+00
9.147390e-01 1.127427e+00
1.499239e+00 1.168837e+00
1.541552e+00 1.370741e+00
1.097615e+00 1.003562e+00
9.758129e-01 1.132116e+00
7.740078e-01 1.088523e+00
1.041711e+00 1.077689e+00
1.043321e+00 1.108594e+00
1.373327e+00 1.051874e+00
6.376948e-01 1.055437e+00
8.684105e-01 1.234349e+00
9.624575e-01 9.843100e-01
8.709872e-01 1.187250e+00
6.042333e-01 1.114721e+00
6.204225e-01 8.394974e-01
4.475292e-01 1.029339e+00
6.618911e-01 7.623322e-01
4.624748e-01 9.455335e-01
1.200826e+00 1.065757e+00
4.953784e-01 1.125372e+00
6.165580e-01 1.054910e+00
1.215135e+00 1.149305e+00
8.464235e-01 1.248784e+00
1.211679e+00 1.109107e+00
1.515460e+00 1.027545e+00
1.287545e+00 1.199297e+00
1.199654e+00 1.111898e+00
1.062559e+00 1.118463e+00
9.875319e-01 1.139011e+00
1.015039e+00 1.038289e+00
1.308372e+00 1.076009e+00
1.444015e+00 1.062900e+00
1.240771e+00 8.285682e-01
1.628889e+00 8.183202e-01
1.273910e+00 8.573716e-01
1.114488e+00 1.067774e+00
1.253254e+00 9.276669e-01
1.108357e+00 9.778199e-01
1.093880e+00 1.087040e+00
1.343662e+00 1.006037e+00
1.448340e+00 8.491007e-01
1.550125e+00 9.150522e-01
1.353246e+00 7.736650e-01
1.728395e+00 9.510629e-01
1.259531e+00 7.979999e-01
1.460069e+00 8.568799e-01
1.581940e+00 1.369421e+00
1.107419e+00 1.233146e+00
1.461317e+00 1.306467e+00
1.515984e+00 1.484198e+00
1.643902e+00 1.170957e+00
1.066326e+00 1.190368e+00
1.575189e+00 1.241989e+00
1.307960e+00 1.145629e+00
1.095548e+00 1.118332e+00
2.048861e+00 9.619495e-01
1.073961e+00 1.184442e+00
1.429438e+00 1.521003e+00
8.191375e-01 8.347197e-01
7.892394e-01 8.541783e-01
8.647796e-01 7.397643e-01
9.418838e-01 7.582234e-01
9.954223e-01 1.166451e+00
1.041279e+00 1.166213e+00
1.385948e+00 1.038562e+00
8.629813e-01 1.068150e+00
1.027790e+00 8.770676e-01
5.607680e-01 9.686923e-01
6.141668e-01 8.206779e-01
4.239450e-01 7.947519e-01
5.079771e-01 8.735957e-01
7.097037e-01 9.828535e-01
7.811130e-01 9.126097e-01
9.023659e-01 9.257642e-01
7.250022e-01 1.045797e+00
7.041112e-01 1.036792e+00
5.254845e-01 1.005045e+00
8.083810e-01 1.067177e+00
9.562395e-01 6.838720e-01
1.123658e+00 9.124309e-01
5.343724e-01 1.309116e+00
5.691593e-01 1.164341e+00
1.329106e+00 1.009763e+00
8.278937e-01 1.225216e+00
5.079831e-01 1.197454e+00
1.321656e+00 7.126362e-01
1.082332e+00 8.672723e-01
1.536725e+00 8.030239e-01
1.057085e+00 7.065583e-01
1.215101e+00 6.558485e-01
1.159268e+00 7.406031e-01
1.307637e+00 7.224079e-01
1.551953e+00 9.919200e-01
1.172138e+00 1.359477e+00
1.181003e+00 1.300327e+00
1.032256e+00 1.242433e+00
1.317009e+00 1.454373e+00
1.002683e+00 1.140491e+00
1.050775e+00 1.169331e+00
1.546945e+00 1.360466e+00
1.411829e+00 1.389260e+00
1.646446e+00 1.237575e+00
1.198825e+00 1.216599e+00
