# y_true	y_pred
6.989868e-01 5.576709e-01
-2.005975e-02 5.213570e-01
1.190144e-01 5.984298e-01
3.334192e-01 7.293248e-01
1.051202e+00 8.772680e-01
8.648539e-01 9.038593e-01
7.755830e-01 9.714268e-01
1.333630e+00 8.198265e-01
1.117875e+00 9.003055e-01
9.592950e-01 7.893698e-01
8.978199e-01 8.845054e-01
8.424886e-01 6.950159e-01
9.465647e-01 8.767889e-01
1.009033e+00 8.488933e-01
9.170432e-01 7.399912e-01
6.753059e-01 8.811172e-01
5.791324e-01 7.814516e-01
1.009513e+00 7.945505e-01
6.475220e-01 9.345536e-01
6.012713e-01 8.032425e-01
5.332296e-01 8.110726e-01
8.916598e-01 7.796845e-01
1.225159e+00 7.756891e-01
9.878386e-01 7.388983e-01
7.996756e-01 8.270255e-01
1.247393e+00 8.149354e-01
1.051405e+00 8.410728e-01
1.221164e+00 1.005507e+00
6.313620e-01 7.516509e-01
6.856757e-01 7.644759e-01
9.003584e-01 8.499594e-01
1.197662e+00 7.412063e-01
9.346949e-01 7.903460e-01
5.220876e-01 6.738081e-01
1.059661e+00 7.934095e-01
1.037913e+00 8.278762e-01
8.279488e-01 9.169765e-01
9.278136e-01 7.229605e-01
1.140899e+00 6.408446e-01
1.036723e+00 7.514896e-01
5.917162e-01 6.896296e-01
8.399424e-01 5.994298e-01
1.343602e+00 7.667071e-01
1.146263e+00 6.960977e-01
1.347702e+00 6.414150e-01
5.614321e-01 5.844545e-01
7.697366e-01 7.397721e-01
5.664072e-01 8.661250e-01
1.041929e+00 7.996632e-01
1.209794e+00 8.306786e-01
7.981785e-01 7.072166e-01
9.984380e-01 7.527608e-01
5.995930e-01 7.588342e-01
6.301227e-01 6.868820e-01
7.853328e-01 8.195183e-01
3.866308e-01 5.812613e-01
6.317202e-01 6.283855e-01
3.202081e-01 5.214404e-01
9.532795e-01 8.726479e-01
9.605860e-01 8.044959e-01
1.246207e+00 7.602357e-01
1.235175e+00 8.899380e-01
8.133110e-01 8.942694e-01
1.179921e+00 8.611667e-01
2.235013e-01 7.877508e-01
1.176813e+00 8.927591e-01
1.057196e+00 9.872336e-01
1.282095e+00 8.394607e-01
1.312654e+00 7.600871e-01
8.530219e-01 7.716211e-01
1.303075e+00 8.298196e-01
9.745358e-01 9.648736e-01
9.628026e-01 9.425566e-01
9.277171e-01 8.743087e-01
8.584450e-01 7.840675e-01
5.722630e-01 8.137871e-01
8.969896e-01 9.812346e-01
6.170572e-01 9.589584e-01
3.526389e-01 8.308422e-01
1.038513e+00 8.595035e-01
1.067762e+00 9.249930e-01
1.042925e+00 9.219866e-01
7.426638e-01 9.479584e-01
6.501446e-01 8.839793e-01
1.111814e+00 9.518802e-01
1.222018e+00 8.410960e-01
8.164789e-01 7.400221e-01
5.725567e-01 8.195128e-01
5.352211e-01 8.241174e-01
9.341408e-01 6.923891e-01
5.236893e-01 8.159566e-01
6.655387e-01 7.423366e-01
1.114794e+00 7.643554e-01
7.050513e-01 6.754144e-01
7.546640e-01 7.375962e-01
3.858170e-01 6.921101e-01
3.790159e-01 4.139372e-01
2.254521e-01 4.258654e-01
1.164399e-01 3.911877e-01
3.697030e-01 4.750139e-01
9.965043e-02 3.956064e-01
3.042650e-01 4.062082e-01
3.473521e-01 3.818833e-01
7.072374e-01 5.676776e-01
6.830043e-01 5.192398e-01
2.196307e-01 5.630589e-01
1.092403e+00 8.005714e-01
6.512384e-01 5.975916e-01
3.839962e-01 4.494487e-01
5.871806e-01 5.408264e-01
2.359917e-01 5.504219e-01
1.005053e-01 7.683095e-01
-4.946975e-03 6.563644e-01
-3.883671e-02 7.032148e-01
5.317150e-01 7.270036e-01
6.812387e-01 7.509460e-01
4.304339e-01 5.180369e-01
9.774657e-01 7.942434e-01
1.238222e-01 7.072683e-01
1.106832e-01 6.623758e-01
5.910485e-01 7.487497e-01
5.978050e-01 6.805426e-01
7.757081e-01 7.707765e-01
4.758674e-01 6.878296e-01
-7.416326e-02 6.996607e-01
3.636797e-01 9.222699e-01
7.399659e-01 9.619986e-01
6.447894e-01 8.646222e-01
3.830897e-01 7.940353e-01
4.059430e-01 7.878670e-01
6.238680e-01 9.425909e-01
6.221448e-01 8.646247e-01
7.012291e-01 1.005534e+00
9.359293e-01 8.823307e-01
1.105012e+00 8.224173e-01
7.905659e-01 7.946322e-01
9.846170e-01 9.535809e-01
6.470227e-01 6.064957e-01
6.365781e-01 7.453136e-01
1.317011e+00 8.619179e-01
7.458966e-01 8.054290e-01
1.067871e+00 8.769794e-01
1.047089e+00 8.547306e-01
1.181941e+00 6.687375e-01
5.297816e-01 8.495299e-01
1.033823e+00 8.121076e-01
8.578409e-01 8.969122e-01
1.195763e+00 7.321448e-01
1.288318e+00 7.679241e-01
6.267142e-01 7.458252e-01
1.065640e+00 8.548911e-01
8.869742e-01 8.053026e-01
1.217025e+00 8.771411e-01
6.048607e-01 7.408414e-01
1.013735e+00 9.189824e-01
1.344483e+00 8.092797e-01
1.015049e+00 7.303395e-01
5.735692e-01 7.921155e-01
5.611516e-01 7.230579e-01
1.065270e+00 7.624884e-01
1.074760e+00 6.686048e-01
1.400486e+00 7.256818e-01
4.325647e-01 5.269431e-01
4.725549e-01 7.008111e-01
9.635202e-01 8.170820e-01
8.962308e-01 7.134844e-01
4.491331e-01 8.183092e-01
5.194151e-01 5.085751e-01
4.457738e-01 7.631192e-01
4.523993e-01 4.466119e-01
3.362975e-01 5.313783e-01
7.621709e-01 5.811371e-01
3.782944e-01 8.293355e-01
1.576076e-01 5.005592e-01
7.322833e-01 7.105972e-01
5.483192e-01 7.245495e-01
8.305032e-01 8.223651e-01
1.464355e+00 8.393049e-01
1.137957e+00 8.008456e-01
9.415341e-01 8.312082e-01
7.499901e-01 7.741732e-01
8.687851e-01 8.947570e-01
7.590942e-01 7.419779e-01
7.114390e-01 8.620294e-01
1.082266e+00 8.467631e-01
1.008652e+00 8.073048e-01
6.841368e-01 8.267841e-01
1.210856e+00 8.250132e-01
9.942889e-01 8.555500e-01
1.145782e+00 8.758827e-01
1.069878e+00 8.548781e-01
7.640574e-01 8.671653e-01
1.161482e+00 8.605489e-01
8.414437e-01 8.266383e-01
1.033427e+00 7.946255e-01
9.176217e-01 8.520525e-01
1.065628e+00 7.876487e-01
1.115355e+00 7.906604e-01
7.083868e-01 8.001811e-01
1.243500e+00 8.367096e-01
6.523730e-01 8.637349e-01
1.173992e+00 7.710477e-01
1.252658e+00 8.064951e-01
1.262070e+00 8.664371e-01
8.630754e-01 8.821857e-01
1.385125e+00 8.698155e-01
1.213509e+00 9.345170e-01
8.594950e-01 8.337192e-01
1.444791e+00 7.922264e-01
9.203538e-01 8.585573e-01
1.164017e+00 8.213625e-01
5.445119e-01 6.989981e-01
5.665164e-01 8.344334e-01
5.826377e-01 7.724761e-01
7.999244e-01 7.329430e-01
6.482436e-01 7.239050e-01
7.617371e-01 8.777903e-01
1.403567e+00 8.723707e-01
8.547941e-01 8.111460e-01
8.578946e-01 7.876610e-01
5.068466e-01 8.174008e-01
4.763895e-01 4.627587e-01
2.672886e-01 4.116781e-01
2.374175e-01 4.030375e-01
6.999507e-01 7.590151e-01
6.879920e-01 5.737649e-01
9.196838e-01 7.384679e-01
4.143767e-01 6.595721e-01
3.091726e-01 5.982419e-01
1.471945e-01 4.465706e-01
3.856459e-01 5.956476e-01
8.649604e-01 6.303315e-01
1.005386e+00 8.012754e-01
2.387327e-01 7.608798e-01
1.723922e-01 7.074018e-01
1.051874e+00 8.336153e-01
1.168132e-01 7.225605e-01
-6.516698e-04 6.514607e-01
4.318197e-01 6.721158e-01
1.040348e+00 8.013136e-01
6.049245e-01 7.454440e-01
3.737661e-01 6.227396e-01
2.649656e-01 8.511907e-01
4.784344e-01 8.846666e-01
1.072245e-01 8.947963e-01
3.951532e-01 8.300810e-01
8.282782e-01 8.314022e-01
7.100822e-01 8.144100e-01
6.749021e-01 7.911369e-01
8.265088e-01 8.439084e-01
6.959608e-01 8.867397e-01
7.515632e-01 9.696220e-01
9.083896e-01 8.401622e-01
1.038243e+00 8.341824e-01
1.075762e+00 9.619715e-01
8.988589e-01 9.030796e-01
