# y_true	y_pred
-6.686802e-01 -5.943040e-01
-7.070432e-01 -5.403042e-01
-5.052284e-01 -5.918785e-01
-6.696086e-01 -6.653960e-01
-8.951822e-01 -5.500759e-01
-5.752212e-01 -5.438189e-01
-7.814929e-01 -6.903282e-01
-5.399666e-01 -5.566173e-01
-7.844322e-01 -6.562483e-01
-7.647032e-01 -5.968808e-01
-5.506253e-01 -6.022237e-01
-1.281162e-01 -6.056882e-01
-1.075726e-01 -5.907443e-01
-7.530103e-01 -6.372834e-01
-6.771801e-01 -5.543603e-01
1.641847e-01 -5.630218e-01
-4.301744e-01 -5.498220e-01
8.192684e-02 -5.576936e-01
-4.247257e-01 -6.233554e-01
2.141361e-01 -5.325488e-01
-1.398420e-01 -5.522076e-01
-3.886612e-01 -5.722001e-01
-2.508373e-01 -5.910910e-01
-2.852999e-01 -5.682310e-01
-7.096241e-01 -5.759716e-01
-3.924729e-01 -6.456738e-01
-5.306788e-01 -5.437097e-01
-4.625297e-01 -6.157228e-01
-8.535953e-01 -5.924984e-01
-7.932108e-01 -5.639976e-01
-7.633683e-01 -5.742986e-01
-4.377186e-01 -5.534577e-01
-4.145122e-01 -5.839593e-01
-8.154738e-01 -6.425616e-01
-7.014253e-01 -5.593558e-01
-8.142947e-01 -5.702770e-01
-4.690236e-01 -6.683719e-01
-2.785869e-01 -6.027271e-01
-5.555400e-01 -5.834877e-01
-5.610067e-01 -5.776682e-01
-4.225978e-01 -6.178302e-01
-7.604308e-01 -5.630184e-01
-1.291671e-01 -6.101815e-01
-2.791297e-01 -5.675051e-01
-9.892988e-02 -5.936750e-01
-5.638038e-01 -6.299075e-01
-5.631176e-01 -5.589737e-01
-4.840319e-01 -6.371719e-01
-6.032488e-01 -6.696481e-01
-4.792133e-01 -6.761094e-01
-7.900445e-01 -6.111347e-01
-5.424310e-01 -6.110800e-01
-4.638854e-02 -5.565009e-01
-2.644120e-01 -5.389929e-01
3.358854e-01 -5.707110e-01
-4.488795e-01 -5.477312e-01
-1.911113e-01 -5.646266e-01
-7.096085e-01 -5.791650e-01
-4.449033e-01 -5.727230e-01
-2.820469e-01 -5.465707e-01
3.909809e-01 -5.482039e-01
-2.879522e-01 -6.302091e-01
-1.846689e-01 -6.204851e-01
-7.329318e-01 -5.937601e-01
-5.328784e-01 -6.139750e-01
-5.728639e-01 -6.069592e-01
-5.416979e-01 -6.479369e-01
-2.199312e-01 -5.862799e-01
-1.530182e-01 -5.857454e-01
-7.005404e-01 -5.757086e-01
-3.207139e-01 -6.538386e-01
-6.062197e-01 -6.568909e-01
-8.254724e-01 -5.968117e-01
-5.421127e-01 -5.802463e-01
-4.878408e-01 -6.185843e-01
-5.962890e-01 -5.824775e-01
-6.830097e-01 -6.420155e-01
-4.959778e-01 -6.407872e-01
-6.805978e-01 -6.764679e-01
-5.391178e-01 -5.333932e-01
-7.095878e-01 -5.737121e-01
-4.853333e-01 -5.786794e-01
-9.871843e-01 -5.945854e-01
-1.095692e+00 -5.953197e-01
-7.382557e-01 -5.637090e-01
-7.166040e-01 -5.312073e-01
-6.639948e-01 -5.976424e-01
-8.591361e-01 -5.946483e-01
-1.012378e+00 -5.946348e-01
-3.414045e-01 -6.081681e-01
-7.706515e-01 -6.766663e-01
-7.791830e-01 -6.596889e-01
5.208539e-02 -5.853881e-01
-3.565771e-01 -5.788432e-01
-6.210698e-01 -6.760338e-01
-7.914254e-01 -5.861564e-01
-8.697956e-01 -5.770230e-01
-8.950539e-01 -6.436459e-01
-1.001818e+00 -5.688500e-01
-8.063198e-01 -6.023065e-01
-7.386917e-01 -5.729765e-01
-4.354663e-01 -5.709744e-01
-6.226732e-01 -5.629390e-01
-8.660506e-01 -6.026672e-01
-6.049923e-01 -6.605069e-01
-7.297986e-01 -6.326559e-01
-2.766296e-01 -6.249879e-01
-3.738025e-01 -5.604779e-01
-7.606690e-01 -5.681644e-01
-4.191958e-01 -5.413288e-01
-7.630896e-01 -5.761213e-01
-6.553971e-01 -5.785286e-01
-7.624882e-01 -5.626960e-01
-3.011231e-01 -5.818591e-01
-5.418739e-01 -5.974357e-01
-3.890016e-01 -5.859259e-01
-8.573725e-01 -5.433671e-01
-3.832811e-01 -5.904826e-01
-3.265815e-01 -6.065966e-01
-7.133478e-01 -6.161165e-01
-5.323204e-01 -6.111916e-01
-1.635080e-01 -5.887316e-01
-7.102296e-01 -5.819239e-01
-6.102793e-01 -5.919953e-01
-8.018732e-01 -6.245500e-01
-8.544093e-01 -6.303723e-01
-1.066100e+00 -6.176000e-01
-7.208125e-01 -5.738903e-01
-6.354574e-01 -5.798282e-01
-3.879561e-01 -6.288519e-01
-1.021935e+00 -5.900646e-01
-9.830565e-01 -5.467358e-01
-7.929918e-01 -6.451716e-01
-1.227465e+00 -5.658819e-01
-1.067736e+00 -5.612262e-01
-1.170572e+00 -6.415945e-01
-8.494526e-01 -6.074731e-01
-7.749540e-01 -5.701798e-01
-9.097417e-02 -6.090223e-01
-7.580403e-01 -5.298476e-01
-6.472430e-01 -5.814685e-01
-6.131185e-01 -5.810089e-01
-7.721418e-01 -5.950408e-01
-8.567023e-02 -5.578942e-01
-2.099064e-01 -5.145767e-01
-1.547508e-01 -5.641758e-01
-4.983977e-01 -5.780751e-01
-4.026567e-01 -5.606624e-01
-3.137794e-01 -5.563042e-01
-8.277734e-01 -5.346485e-01
-7.847038e-01 -5.283048e-01
-4.485491e-01 -5.262179e-01
-6.766534e-01 -5.430518e-01
-7.177943e-01 -5.410466e-01
-7.407942e-01 -5.471437e-01
-5.141604e-01 -5.367226e-01
-4.230054e-01 -5.722973e-01
-9.084702e-01 -5.485758e-01
-7.940341e-01 -5.460014e-01
-3.922285e-01 -5.788733e-01
-2.953112e-01 -5.669362e-01
-6.167115e-01 -5.869651e-01
-5.186665e-01 -5.516612e-01
-8.523033e-01 -5.453170e-01
-4.666399e-01 -5.812459e-01
-3.651347e-01 -5.738015e-01
-1.862810e-01 -5.531082e-01
-8.527817e-01 -5.423131e-01
-3.198313e-01 -5.458030e-01
-9.998402e-01 -5.675076e-01
-8.182278e-01 -5.519827e-01
-2.245287e-01 -5.331073e-01
-5.449350e-02 -5.298885e-01
-8.111935e-01 -5.328335e-01
-2.242138e-01 -5.193319e-01
-2.737117e-01 -5.260863e-01
-4.295748e-01 -5.486892e-01
-2.975358e-03 -5.476145e-01
1.959170e-01 -5.360115e-01
-4.074884e-01 -5.339748e-01
8.690815e-02 -5.027026e-01
-6.836082e-02 -5.404156e-01
-1.129012e-01 -5.307381e-01
-1.205566e-01 -5.394273e-01
9.487676e-02 -5.204315e-01
-5.831381e-01 -5.762724e-01
-6.394700e-01 -5.791264e-01
-4.494333e-01 -5.617436e-01
-3.935009e-01 -5.409688e-01
-2.922258e-01 -5.830829e-01
-6.763002e-01 -5.562420e-01
-4.690075e-01 -5.659467e-01
-4.806651e-01 -5.471694e-01
-8.437596e-01 -5.513056e-01
-4.366846e-01 -5.622295e-01
-3.667861e-01 -5.986732e-01
-5.920986e-01 -5.341559e-01
-2.052924e-01 -5.691993e-01
-6.617115e-01 -5.588434e-01
-7.356091e-01 -5.310931e-01
-7.610103e-01 -5.119243e-01
-7.345791e-01 -5.865322e-01
-4.750872e-01 -5.837424e-01
-7.866244e-01 -5.201640e-01
-7.816402e-01 -5.281900e-01
-4.703681e-01 -5.110230e-01
-7.388333e-01 -5.508951e-01
-5.939537e-01 -5.243121e-01
-5.357254e-01 -9.118141e-02
-7.685646e-01 -5.112751e-01
-6.776252e-01 -5.256521e-01
-1.079133e+00 -5.757434e-01
-9.356450e-01 -5.851917e-01
-7.197472e-01 -5.601320e-01
-6.046311e-01 -5.627596e-01
-1.123222e+00 -6.242617e-01
-7.821283e-01 -5.657988e-01
-5.389364e-01 -6.083371e-01
-1.548376e-01 -5.791247e-01
-5.527421e-01 -5.727459e-01
-6.792872e-01 -5.759029e-01
-9.942581e-01 -5.404523e-01
-6.872537e-01 -5.415794e-01
-6.417830e-01 -5.446944e-01
-7.312110e-01 -5.599204e-01
-8.088079e-01 -5.536315e-01
-6.279936e-01 -5.667253e-01
-6.574976e-01 -5.209047e-01
-5.054198e-01 -5.390121e-01
-7.601347e-01 -5.185454e-01
-7.004339e-01 -5.396871e-01
-4.396542e-01 -1.405326e-01
-2.582465e-01 -5.791027e-01
-5.049139e-01 -6.056257e-01
-1.490655e-01 -5.371460e-01
-1.446662e-01 -5.552372e-01
-5.566700e-01 -5.369464e-01
-6.778150e-01 -5.364970e-01
-1.947335e-01 -5.885463e-01
-5.668359e-01 -5.609332e-01
-2.481393e-01 -5.851878e-01
-1.571429e-01 -5.850964e-01
-5.134429e-01 -6.238576e-01
-6.232284e-01 -6.190106e-01
-5.132411e-01 -6.209851e-01
-9.127408e-01 -5.744630e-01
-9.325289e-01 -5.465693e-01
-8.487800e-01 -6.525127e-01
-1.156628e+00 -6.255041e-01
-1.234011e+00 -5.572860e-01
-7.015786e-01 -5.528631e-01
-9.353788e-01 -5.948869e-01
-9.223938e-01 -5.598326e-01
-5.798976e-01 -5.387946e-01
-1.223313e+00 -5.742113e-01
-9.835713e-01 -5.541878e-01
