# y_true	y_pred
9.279634e-01 9.524652e-01
2.172093e-01 1.012555e+00
1.412569e+00 9.168041e-01
1.183935e+00 1.119713e+00
1.558662e+00 1.038038e+00
1.158669e+00 1.025316e+00
1.065533e+00 1.040231e+00
1.767871e+00 1.029099e+00
1.093498e+00 1.053030e+00
9.814447e-01 1.050884e+00
7.924634e-01 1.051998e+00
8.404914e-01 1.059539e+00
9.419699e-01 1.006181e+00
9.687176e-01 1.037275e+00
8.604146e-01 1.006761e+00
6.798776e-01 1.012596e+00
5.851317e-01 9.904079e-01
1.009795e+00 9.908482e-01
7.271900e-01 1.013921e+00
6.500019e-01 1.008585e+00
5.810275e-01 9.839417e-01
9.596063e-01 9.897239e-01
1.457417e+00 9.948035e-01
1.035806e+00 9.980458e-01
1.017436e+00 9.757154e-01
1.504063e+00 9.619347e-01
1.061996e+00 9.913217e-01
1.405332e+00 1.035599e+00
6.060435e-01 1.021325e+00
9.251140e-01 1.026456e+00
1.225775e+00 1.033666e+00
1.437102e+00 1.011873e+00
1.166697e+00 1.048740e+00
6.228973e-01 1.052125e+00
1.383204e+00 1.031609e+00
1.241152e+00 1.046892e+00
8.215765e-01 1.040226e+00
9.043106e-01 1.045424e+00
1.112200e+00 1.049875e+00
1.091076e+00 1.052646e+00
5.786746e-01 1.048627e+00
9.456870e-01 1.060079e+00
1.322905e+00 1.064061e+00
1.081970e+00 1.011275e+00
1.304418e+00 1.033110e+00
5.472798e-01 9.929020e-01
7.105041e-01 1.001656e+00
6.412125e-01 1.013151e+00
1.045339e+00 1.015462e+00
1.230427e+00 1.031111e+00
7.696232e-01 9.979289e-01
9.698293e-01 1.019115e+00
5.906486e-01 1.002956e+00
8.114515e-01 9.730991e-01
8.187387e-01 9.855532e-01
4.719140e-01 9.790276e-01
6.818482e-01 1.001754e+00
5.462553e-01 9.820497e-01
1.004376e+00 9.983693e-01
1.009688e+00 9.848669e-01
1.261372e+00 9.910238e-01
1.193461e+00 9.629227e-01
8.730599e-01 9.795163e-01
1.354443e+00 1.007402e+00
1.400518e+00 9.584208e-01
1.165885e+00 9.963388e-01
1.211807e+00 1.014729e+00
1.211575e+00 9.827993e-01
1.281078e+00 9.677651e-01
9.024339e-01 9.540694e-01
1.235369e+00 9.821677e-01
1.267110e+00 9.614561e-01
1.122567e+00 9.858391e-01
1.035334e+00 9.718876e-01
1.424007e+00 9.630221e-01
1.006211e+00 9.555593e-01
1.566356e+00 9.768436e-01
1.129312e+00 9.808125e-01
1.079853e+00 9.560181e-01
1.280863e+00 1.011909e+00
1.421159e+00 9.954761e-01
1.150741e+00 9.850423e-01
1.224049e+00 1.018919e+00
1.398997e+00 9.913442e-01
1.263484e+00 1.027651e+00
1.478602e+00 1.012130e+00
9.051668e-01 9.766183e-01
7.127122e-01 9.895494e-01
8.844275e-01 9.772987e-01
1.030067e+00 9.968775e-01
5.599663e-01 9.759894e-01
7.186088e-01 1.000633e+00
1.123605e+00 1.017712e+00
8.080173e-01 9.575596e-01
8.786330e-01 9.681643e-01
4.734142e-01 9.581985e-01
4.914676e-01 9.691519e-01
3.629921e-01 1.113165e+00
4.013516e-01 9.575311e-01
3.832429e-01 9.640120e-01
3.226935e-01 9.563841e-01
3.857612e-01 9.543918e-01
5.133803e-01 9.906573e-01
6.881893e-01 9.883573e-01
7.060452e-01 9.938798e-01
4.358415e-01 1.014383e+00
1.151838e+00 9.822683e-01
7.361588e-01 9.867494e-01
6.055085e-01 9.844848e-01
7.221613e-01 9.767501e-01
2.056383e-01 1.021520e+00
6.411682e-01 1.008347e+00
3.896863e-01 1.026649e+00
6.321468e-01 9.836728e-01
5.512781e-01 9.667176e-01
7.508898e-01 9.922418e-01
4.446114e-01 9.993570e-01
9.431304e-01 9.643821e-01
5.237852e-01 9.660323e-01
7.083014e-01 9.203664e-01
1.016169e+00 9.426705e-01
9.712127e-01 9.359053e-01
7.607504e-01 9.340668e-01
6.635869e-01 9.120368e-01
1.261688e+00 9.338101e-01
1.018499e+00 1.005716e+00
1.423688e+00 1.031618e+00
1.168211e+00 9.902712e-01
1.435620e+00 9.702466e-01
9.690934e-01 9.840655e-01
1.372073e+00 1.040855e+00
1.222208e+00 1.015748e+00
1.040836e+00 1.030642e+00
1.459541e+00 1.032566e+00
1.544697e+00 1.021344e+00
1.311695e+00 1.121929e+00
1.607031e+00 1.040558e+00
9.929366e-01 9.478546e-01
9.801061e-01 9.124587e-01
1.633243e+00 1.042921e+00
8.227822e-01 1.057213e+00
9.777815e-01 1.034991e+00
1.076758e+00 1.061818e+00
1.099688e+00 1.037984e+00
6.398860e-01 1.003258e+00
1.068336e+00 1.019491e+00
1.177371e+00 9.777053e-01
1.232993e+00 1.000952e+00
1.567471e+00 9.638574e-01
1.154747e+00 9.642221e-01
1.260459e+00 1.033710e+00
1.143389e+00 9.726205e-01
1.548253e+00 1.049728e+00
8.322174e-01 1.047002e+00
1.473124e+00 1.043173e+00
1.543448e+00 1.033487e+00
1.109340e+00 9.861344e-01
9.308743e-01 1.049442e+00
7.852205e-01 1.018935e+00
1.010590e+00 1.050643e+00
1.016169e+00 1.063973e+00
1.401879e+00 1.048327e+00
6.024676e-01 1.053392e+00
8.199571e-01 1.062863e+00
9.946184e-01 1.022643e+00
8.567329e-01 1.062852e+00
5.003207e-01 9.947592e-01
5.388420e-01 9.565040e-01
4.083897e-01 9.780115e-01
5.236983e-01 9.660422e-01
3.581613e-01 9.654027e-01
9.679346e-01 9.779173e-01
4.205022e-01 1.001901e+00
3.489213e-01 9.883287e-01
9.144286e-01 9.788158e-01
6.782002e-01 1.007925e+00
9.390450e-01 9.874678e-01
1.430771e+00 9.640887e-01
1.168464e+00 9.912462e-01
9.938954e-01 9.862007e-01
7.943548e-01 9.559413e-01
8.526886e-01 9.753668e-01
7.753927e-01 9.479508e-01
8.974166e-01 9.504408e-01
1.163244e+00 9.463121e-01
1.069587e+00 9.512974e-01
1.523523e+00 9.482306e-01
1.122109e+00 9.565309e-01
9.954931e-01 9.793587e-01
1.061656e+00 9.722928e-01
1.014783e+00 9.752626e-01
7.949487e-01 1.000473e+00
1.174115e+00 9.853526e-01
1.521781e+00 9.388708e-01
1.369282e+00 9.744743e-01
1.375541e+00 9.330855e-01
1.481554e+00 9.542832e-01
1.160884e+00 9.505453e-01
1.386960e+00 9.595978e-01
1.584248e+00 1.027459e+00
1.107942e+00 1.005652e+00
1.469942e+00 1.098606e+00
1.506154e+00 1.095434e+00
1.637654e+00 9.786356e-01
1.043978e+00 9.903122e-01
1.555417e+00 1.025406e+00
1.413606e+00 9.891090e-01
1.132776e+00 9.667280e-01
2.018517e+00 7.088051e-01
1.076009e+00 9.883843e-01
1.427068e+00 1.038026e+00
8.425834e-01 9.909877e-01
7.658579e-01 9.474185e-01
8.749886e-01 9.505824e-01
9.441118e-01 9.378895e-01
1.011766e+00 1.091469e+00
1.057291e+00 1.014595e+00
1.389801e+00 1.042964e+00
8.362461e-01 1.032037e+00
9.606789e-01 9.528115e-01
5.439553e-01 9.962914e-01
5.199185e-01 9.594777e-01
3.478204e-01 9.592438e-01
4.437318e-01 9.788057e-01
6.826855e-01 1.002529e+00
7.036585e-01 9.793696e-01
9.031509e-01 1.005392e+00
5.558616e-01 9.965391e-01
5.857177e-01 1.011340e+00
2.683914e-01 9.898741e-01
5.535821e-01 9.904553e-01
7.878720e-01 7.062026e-01
9.526502e-01 9.419774e-01
6.066509e-01 1.101291e+00
3.412499e-01 1.013219e+00
1.115104e+00 9.362075e-01
6.247075e-01 1.014947e+00
4.179403e-01 1.022583e+00
1.241968e+00 9.168436e-01
9.125982e-01 9.365032e-01
1.475891e+00 9.215557e-01
8.407327e-01 9.156862e-01
1.266399e+00 9.325925e-01
1.199880e+00 9.505771e-01
1.318589e+00 9.410718e-01
1.563560e+00 9.692262e-01
1.184595e+00 1.039953e+00
1.171964e+00 1.100834e+00
1.042724e+00 1.090116e+00
1.296015e+00 1.041162e+00
9.853115e-01 9.962658e-01
1.026763e+00 1.016333e+00
1.541103e+00 1.046244e+00
1.407472e+00 1.033030e+00
1.620276e+00 1.037876e+00
1.182132e+00 1.032625e+00
