# y_true	y_pred
8.166340e-01 6.658340e-01
-2.590355e-02 6.630317e-01
1.227982e+00 6.534008e-01
1.111856e+00 1.082682e+00
1.439144e+00 8.633013e-01
1.124789e+00 8.494453e-01
1.009078e+00 7.728388e-01
1.785577e+00 1.028058e+00
1.083195e+00 8.132414e-01
9.501973e-01 7.992623e-01
8.166176e-01 8.149443e-01
8.286109e-01 8.032002e-01
9.361445e-01 7.806152e-01
9.466351e-01 7.608078e-01
8.660423e-01 7.435653e-01
5.263943e-01 7.276069e-01
4.500166e-01 7.523959e-01
8.529971e-01 7.388747e-01
6.213710e-01 7.508502e-01
5.595375e-01 7.370965e-01
4.787558e-01 7.316325e-01
7.391725e-01 7.608091e-01
1.399333e+00 7.019242e-01
8.814449e-01 7.522185e-01
9.681280e-01 6.773909e-01
1.438449e+00 6.610762e-01
1.163200e+00 7.747564e-01
1.393109e+00 8.420937e-01
5.847197e-01 7.445678e-01
8.857796e-01 7.510198e-01
1.172263e+00 7.819818e-01
1.388419e+00 7.451798e-01
1.129037e+00 7.815988e-01
6.004505e-01 7.375864e-01
1.319006e+00 9.055313e-01
1.200955e+00 7.732847e-01
7.976939e-01 7.987003e-01
8.990551e-01 7.783823e-01
1.096715e+00 8.188215e-01
1.028463e+00 8.261659e-01
5.542841e-01 8.126918e-01
8.739562e-01 8.113726e-01
1.310993e+00 8.257369e-01
1.081218e+00 7.533665e-01
1.285687e+00 7.242471e-01
5.230469e-01 6.540632e-01
7.095398e-01 7.164361e-01
5.901369e-01 7.691034e-01
1.007990e+00 7.513517e-01
1.178910e+00 7.927427e-01
7.539113e-01 6.962687e-01
9.440800e-01 7.552823e-01
4.804098e-01 6.957098e-01
5.679982e-01 6.880138e-01
7.013706e-01 7.071009e-01
3.193036e-01 6.460613e-01
5.392618e-01 6.575114e-01
2.599038e-01 6.369325e-01
9.501364e-01 7.159828e-01
8.502446e-01 7.305793e-01
1.136998e+00 7.271475e-01
1.144296e+00 6.843437e-01
7.849033e-01 6.875311e-01
1.283112e+00 7.520239e-01
1.305874e+00 6.793789e-01
1.026281e+00 7.750266e-01
1.173506e+00 8.085283e-01
1.130757e+00 7.342638e-01
1.130208e+00 7.310697e-01
8.323434e-01 6.938514e-01
1.133390e+00 7.091879e-01
1.379326e+00 7.320952e-01
1.241486e+00 7.710942e-01
9.500541e-01 6.812238e-01
1.455877e+00 7.105495e-01
1.016296e+00 7.314484e-01
1.384491e+00 7.356569e-01
1.063308e+00 7.005335e-01
8.215729e-01 6.882535e-01
1.307830e+00 8.074106e-01
1.386516e+00 7.853727e-01
1.250157e+00 7.393014e-01
1.089743e+00 8.289028e-01
1.256527e+00 7.846580e-01
1.129091e+00 8.354238e-01
1.465549e+00 7.847914e-01
8.660240e-01 6.881905e-01
6.525242e-01 6.988932e-01
7.826135e-01 6.869960e-01
9.722106e-01 7.204473e-01
5.182468e-01 7.106278e-01
6.515753e-01 7.137054e-01
1.100341e+00 7.934123e-01
7.265756e-01 6.424732e-01
8.128932e-01 6.948737e-01
4.151994e-01 6.778564e-01
3.601629e-01 6.265295e-01
2.621287e-01 8.563534e-01
1.720375e-01 6.204687e-01
3.378480e-01 6.316506e-01
1.482012e-01 6.171329e-01
2.707425e-01 6.194762e-01
2.947267e-01 6.252126e-01
6.619109e-01 6.632656e-01
6.647027e-01 6.481596e-01
1.876350e-01 6.493706e-01
9.255629e-01 6.742283e-01
5.726803e-01 6.419438e-01
3.698251e-01 6.216202e-01
5.556542e-01 6.369243e-01
9.225404e-03 6.801971e-01
2.180930e-01 7.050740e-01
7.868616e-02 7.012632e-01
3.866486e-01 7.138191e-01
4.693833e-01 6.874163e-01
5.699709e-01 7.050536e-01
1.888530e-01 6.578166e-01
8.177505e-01 6.999360e-01
3.847292e-01 6.837057e-01
4.809465e-01 6.610767e-01
9.968202e-01 6.837229e-01
9.376369e-01 6.828847e-01
7.143443e-01 6.840394e-01
5.360474e-01 6.639181e-01
1.202823e+00 6.593393e-01
1.057376e+00 7.865652e-01
1.404954e+00 8.296552e-01
1.165996e+00 7.919956e-01
1.082681e+00 7.398984e-01
9.173620e-01 7.259196e-01
1.358184e+00 8.483928e-01
1.186307e+00 8.231933e-01
1.013458e+00 8.433334e-01
1.358518e+00 8.411679e-01
1.480436e+00 9.679570e-01
1.166946e+00 1.129667e+00
1.613426e+00 8.472883e-01
8.908976e-01 6.186562e-01
7.501881e-01 6.591138e-01
1.634733e+00 8.546176e-01
7.766250e-01 8.258443e-01
1.006101e+00 8.148030e-01
1.031909e+00 8.414881e-01
1.090215e+00 8.208942e-01
4.983286e-01 7.696607e-01
9.494789e-01 1.085634e+00
1.102990e+00 7.134346e-01
1.164116e+00 7.825730e-01
1.581324e+00 6.422811e-01
1.136981e+00 6.464151e-01
1.349697e+00 1.177270e+00
1.093597e+00 6.919044e-01
1.558936e+00 8.030344e-01
7.484880e-01 8.029313e-01
1.464146e+00 8.309251e-01
1.506960e+00 9.529936e-01
1.064571e+00 7.665327e-01
8.428453e-01 7.480185e-01
7.254079e-01 7.546759e-01
1.011249e+00 8.446876e-01
1.005755e+00 8.330307e-01
1.394043e+00 8.461190e-01
5.493142e-01 6.846390e-01
7.281068e-01 8.439536e-01
9.726414e-01 7.629889e-01
8.421585e-01 1.064321e+00
4.348775e-01 6.813394e-01
4.825978e-01 6.178814e-01
3.689524e-01 6.324589e-01
4.267616e-01 6.252387e-01
2.553706e-01 6.221049e-01
7.339603e-01 6.273577e-01
3.005085e-01 6.760026e-01
1.587911e-01 6.239790e-01
6.903994e-01 6.317923e-01
5.166845e-01 7.126257e-01
7.507074e-01 7.544694e-01
1.360801e+00 7.142582e-01
1.023327e+00 7.360607e-01
7.953501e-01 7.442852e-01
7.079640e-01 6.309903e-01
9.088994e-01 6.668801e-01
7.298895e-01 6.295666e-01
6.164736e-01 6.479768e-01
1.007962e+00 6.527661e-01
9.560680e-01 6.917144e-01
1.510094e+00 6.940311e-01
1.027124e+00 7.188647e-01
9.057751e-01 7.462717e-01
9.947383e-01 6.787994e-01
9.198841e-01 7.672487e-01
6.982711e-01 7.778840e-01
1.169642e+00 7.839893e-01
1.469833e+00 6.713079e-01
1.044057e+00 6.728708e-01
1.531621e+00 6.750740e-01
1.143790e+00 6.445303e-01
1.299438e+00 7.045177e-01
1.133984e+00 6.528947e-01
1.515969e+00 1.067891e+00
1.047845e+00 8.109765e-01
1.401924e+00 1.060685e+00
1.451728e+00 1.136326e+00
1.608851e+00 8.020062e-01
1.046291e+00 8.043298e-01
1.539004e+00 8.297670e-01
1.343336e+00 8.086867e-01
1.105136e+00 7.138858e-01
1.969958e+00 7.306875e-01
1.046432e+00 7.631716e-01
1.373981e+00 1.006276e+00
8.243957e-01 7.036051e-01
7.095305e-01 6.612846e-01
8.444407e-01 6.636220e-01
8.916177e-01 6.441813e-01
9.713533e-01 1.030596e+00
9.772070e-01 8.080847e-01
1.377774e+00 8.277607e-01
8.060065e-01 9.954655e-01
8.904517e-01 6.525952e-01
5.020660e-01 7.743940e-01
4.350160e-01 6.109717e-01
2.234262e-01 6.098118e-01
2.558077e-01 5.924160e-01
6.518773e-01 7.313169e-01
6.536960e-01 6.369985e-01
8.788529e-01 7.448363e-01
2.467101e-01 6.308097e-01
3.568317e-01 6.182464e-01
1.273527e-01 6.167274e-01
3.406172e-01 6.298596e-01
7.393458e-01 3.526324e-01
8.315658e-01 7.510041e-01
3.977870e-01 9.931003e-01
2.526722e-01 6.983058e-01
9.640219e-01 6.589006e-01
2.568723e-01 7.690507e-01
1.262876e-01 7.268330e-01
9.544375e-01 6.300056e-01
8.383723e-01 6.746573e-01
1.380631e+00 6.672440e-01
6.568570e-01 6.158979e-01
7.506489e-01 6.748396e-01
8.250437e-01 6.983409e-01
9.838760e-01 6.874908e-01
1.278059e+00 7.738309e-01
1.097093e+00 1.087046e+00
9.658604e-01 1.159513e+00
9.495264e-01 1.119710e+00
1.289702e+00 1.185469e+00
9.041075e-01 8.436967e-01
9.774219e-01 8.503097e-01
1.454895e+00 1.165884e+00
1.346224e+00 1.075272e+00
1.630328e+00 8.573374e-01
1.141186e+00 9.313707e-01
