# y_true	y_pred
-7.864275e-01 -7.738787e-01
-7.311944e-01 -5.437632e-01
-7.215889e-01 -8.313595e-01
-9.635208e-01 -8.712789e-01
-1.010927e+00 -6.313912e-01
-7.098106e-01 -7.094944e-01
-8.784526e-01 -8.195876e-01
-6.594460e-01 -6.863523e-01
-8.884939e-01 -8.163169e-01
-8.875693e-01 -8.048745e-01
-6.633882e-01 -7.472098e-01
-2.279980e-01 -7.840521e-01
-1.821001e-01 -4.629851e-01
-8.418457e-01 -6.611652e-01
-7.510454e-01 -4.769457e-01
1.076691e-01 -7.587435e-01
-5.078939e-01 -6.886072e-01
5.809444e-02 -3.928357e-01
-4.814959e-01 -5.535695e-01
1.720457e-01 -4.046313e-01
-1.311734e-01 -6.885601e-01
-4.458463e-01 -6.359262e-01
-6.437823e-01 -7.330675e-01
-2.576912e-01 -6.234567e-01
-9.143288e-01 -6.159802e-01
-8.079578e-01 -7.955623e-01
-7.092593e-01 -6.616295e-01
-7.064746e-01 -6.561771e-01
-9.640306e-01 -7.435073e-01
-8.292541e-01 -4.819871e-01
-8.609147e-01 -6.694289e-01
-5.455566e-01 -5.238352e-01
-4.978293e-01 -5.935283e-01
-9.224036e-01 -7.561556e-01
-7.926185e-01 -5.310439e-01
-8.859214e-01 -5.022894e-01
-5.728137e-01 -8.301628e-01
-3.771223e-01 -7.750367e-01
-6.570314e-01 -8.114673e-01
-6.884964e-01 -7.766380e-01
-5.125478e-01 -7.889316e-01
-8.688842e-01 -7.753189e-01
-2.358221e-01 -8.231627e-01
-3.766813e-01 -4.757220e-01
-2.104691e-01 -7.030113e-01
-6.420587e-01 -7.977361e-01
-6.427001e-01 -5.474785e-01
-5.517321e-01 -4.185272e-01
-7.217404e-01 -8.276421e-01
-5.984070e-01 -7.914373e-01
-8.687327e-01 -7.803423e-01
-6.464804e-01 -6.639141e-01
-1.099411e-01 -4.119563e-01
-3.877529e-01 -4.508261e-01
2.375963e-01 -4.356171e-01
-5.155786e-01 -5.994877e-01
-2.688699e-01 -6.198066e-01
-7.963610e-01 -6.264040e-01
-5.565488e-01 -6.584662e-01
-4.558875e-01 -4.112844e-01
2.615228e-01 -4.634759e-01
-4.182297e-01 -6.595839e-01
-3.400711e-01 -7.583448e-01
-7.367520e-01 -6.952414e-01
-9.079243e-01 -8.327640e-01
-7.928813e-01 -7.452987e-01
-5.808120e-01 -7.656937e-01
-3.061529e-01 -7.968054e-01
-5.862816e-01 -7.913975e-01
-1.078194e+00 -7.779076e-01
-7.228898e-01 -8.185840e-01
-8.565705e-01 -6.992677e-01
-9.902067e-01 -4.614429e-01
-7.956545e-01 -5.765964e-01
-1.008951e+00 -8.275656e-01
-9.698352e-01 -7.461545e-01
-8.606329e-01 -4.998393e-01
-1.203771e+00 -7.963530e-01
-1.295142e+00 -8.368848e-01
-6.774861e-01 -6.855506e-01
-8.716240e-01 -5.846957e-01
-6.091263e-01 -4.305873e-01
-1.104183e+00 -5.699155e-01
-1.292403e+00 -6.726632e-01
-8.753041e-01 -6.802348e-01
-8.108770e-01 -7.080361e-01
-7.767926e-01 -8.092535e-01
-9.540136e-01 -7.696934e-01
-1.100703e+00 -8.084161e-01
-4.481902e-01 -8.199468e-01
-8.667448e-01 -8.338061e-01
-8.803206e-01 -8.383517e-01
-5.336119e-02 -7.970088e-01
-4.502529e-01 -7.445031e-01
-7.365914e-01 -8.320928e-01
-8.672550e-01 -7.978917e-01
-9.698996e-01 -7.972806e-01
-9.829032e-01 -8.632051e-01
-1.111558e+00 -7.953565e-01
-8.921540e-01 -8.218849e-01
-8.309890e-01 -8.331488e-01
-5.267528e-01 -8.097342e-01
-7.292993e-01 -8.155695e-01
-9.766804e-01 -8.236312e-01
-7.220412e-01 -8.441716e-01
-8.079106e-01 -6.413085e-01
-3.963046e-01 -5.582876e-01
-4.520568e-01 -5.568036e-01
-8.613642e-01 -6.425578e-01
-5.603416e-01 -5.701686e-01
-7.946324e-01 -5.105906e-01
-7.351149e-01 -6.344683e-01
-8.670487e-01 -5.534769e-01
-1.746085e-01 -7.847604e-01
-6.173374e-01 -5.603135e-01
-5.105173e-01 -4.602162e-01
-8.656201e-01 -4.665642e-01
-4.835231e-01 -5.042574e-01
-3.364741e-01 -7.054942e-01
-8.326002e-01 -8.235279e-01
-8.814374e-01 -8.133885e-01
-2.486749e-01 -7.825677e-01
-8.870704e-01 -7.800735e-01
-6.574761e-01 -7.078810e-01
-1.048346e+00 -8.408201e-01
-1.204041e+00 -8.234432e-01
-1.232274e+00 -7.584097e-01
-8.885066e-01 -7.062172e-01
-9.143748e-01 -8.042136e-01
-7.746532e-01 -8.488429e-01
-1.114795e+00 -5.425682e-01
-1.067629e+00 -6.868985e-01
-8.961135e-01 -6.460487e-01
-1.307483e+00 -5.215786e-01
-1.158390e+00 -6.819798e-01
-1.266641e+00 -7.590001e-01
-8.961152e-01 -6.798606e-01
-8.826631e-01 -7.852694e-01
-6.729105e-01 -8.343381e-01
-8.601521e-01 -8.482755e-01
-7.590987e-01 -7.998419e-01
-7.161483e-01 -7.653791e-01
-8.691547e-01 -8.100218e-01
-1.748896e-01 -6.909222e-01
-2.879466e-01 -6.791489e-01
-1.899833e-01 -6.736091e-01
-1.165940e+00 -7.645539e-01
-7.652315e-01 -7.198150e-01
-6.891816e-01 -7.774218e-01
-7.434422e-01 -7.292076e-01
-9.328097e-01 -6.860433e-01
-7.222146e-01 -6.717433e-01
-7.824424e-01 -5.604185e-01
-8.013435e-01 -7.682840e-01
-8.476104e-01 -8.253159e-01
-6.146086e-01 -5.751392e-01
-5.339917e-01 -7.827216e-01
-9.936884e-01 -7.143936e-01
-8.827300e-01 -6.866364e-01
-4.462589e-01 -8.092017e-01
-3.999442e-01 -8.078918e-01
-7.252025e-01 -8.226482e-01
-5.891784e-01 -7.234669e-01
-9.706333e-01 -6.439261e-01
-5.788194e-01 -8.388613e-01
-4.671859e-01 -7.750587e-01
-2.493407e-01 -7.115698e-01
-9.216411e-01 -8.023660e-01
-3.778470e-01 -7.328664e-01
-1.061725e+00 -8.455304e-01
-8.843712e-01 -7.736091e-01
-3.908829e-01 -4.995575e-01
-1.023049e-01 -5.981823e-01
-9.253931e-01 -7.688591e-01
-3.388030e-01 -5.008425e-01
-3.448994e-01 -6.732367e-01
-4.932457e-01 -5.822427e-01
-1.427125e-01 -6.073447e-01
2.217832e-02 -5.230435e-01
-5.414342e-01 -5.753080e-01
-2.934346e-02 -5.012453e-01
-1.992843e-01 -4.712684e-01
-1.970877e-01 -5.542974e-01
-2.483384e-01 -5.608571e-01
-2.070454e-02 -5.015833e-01
-9.225572e-01 -8.007404e-01
-1.102549e+00 -8.054383e-01
-7.354029e-01 -7.706665e-01
-5.162700e-01 -7.013997e-01
-8.791159e-01 -7.977009e-01
-8.268773e-01 -7.389255e-01
-5.299774e-01 -7.162703e-01
-5.931280e-01 -6.990327e-01
-1.057095e+00 -6.963487e-01
-1.078373e+00 -7.386668e-01
-7.325490e-01 -8.042441e-01
-1.336774e+00 -6.838768e-01
-6.847387e-01 -8.029917e-01
-1.156745e+00 -7.634210e-01
-8.337982e-01 -7.046116e-01
-8.381839e-01 -7.407129e-01
-8.551743e-01 -7.023638e-01
-5.976263e-01 -7.105697e-01
-9.033183e-01 -6.955029e-01
-9.048300e-01 -7.254763e-01
-5.692274e-01 -7.168331e-01
-8.323926e-01 -5.083556e-01
-7.186087e-01 -6.704956e-01
-7.653327e-01 -6.993017e-01
-9.216831e-01 -7.100211e-01
-8.131174e-01 -7.143913e-01
-1.163209e+00 -8.509611e-01
-1.035571e+00 -8.152834e-01
-7.963270e-01 -8.160934e-01
-7.163641e-01 -8.082223e-01
-1.208118e+00 -9.288722e-01
-8.786634e-01 -7.957658e-01
-6.474978e-01 -8.353768e-01
-2.575183e-01 -7.942673e-01
-6.462841e-01 -8.040074e-01
-7.650069e-01 -8.097064e-01
-1.079888e+00 -8.222581e-01
-7.616929e-01 -8.233187e-01
-7.624118e-01 -7.962590e-01
-8.264641e-01 -8.154494e-01
-8.922543e-01 -8.148983e-01
-7.329433e-01 -8.211718e-01
-7.617458e-01 -6.358293e-01
-5.974551e-01 -5.905437e-01
-8.733476e-01 -7.714325e-01
-8.194111e-01 -6.536660e-01
-5.610081e-01 -4.274432e-01
-3.364365e-01 -7.567542e-01
-6.286855e-01 -7.848537e-01
-2.280490e-01 -4.515893e-01
-2.447631e-01 -6.083835e-01
-6.409183e-01 -4.882940e-01
-7.698611e-01 -4.910631e-01
-3.947937e-01 -7.956664e-01
-7.368949e-01 -7.774797e-01
-7.452688e-01 -8.138227e-01
-4.287103e-01 -8.002555e-01
-1.141424e+00 -8.507807e-01
-1.019242e+00 -8.407528e-01
-8.546634e-01 -8.403900e-01
-1.234676e+00 -7.035540e-01
-1.023091e+00 -8.273501e-01
-1.053295e+00 -8.219147e-01
-1.232226e+00 -9.161299e-01
-1.350648e+00 -7.906908e-01
-8.187402e-01 -5.397472e-01
-1.050708e+00 -6.431955e-01
-1.036802e+00 -8.274958e-01
-6.773950e-01 -7.447200e-01
-1.278460e+00 -6.121455e-01
-1.065722e+00 -7.277681e-01
