# y_true	y_pred
-9.950255e-01 -9.391465e-01
-1.136668e+00 -9.174685e-01
-1.239318e+00 -9.895920e-01
-1.178559e+00 -1.156912e+00
-1.183709e+00 -9.238157e-01
-8.677826e-01 -9.172252e-01
-1.054226e+00 -9.869712e-01
-8.671021e-01 -9.142364e-01
-1.109059e+00 -9.897181e-01
-1.112075e+00 -9.591652e-01
-9.234892e-01 -9.548155e-01
-4.535989e-01 -9.617469e-01
-5.970335e-01 -9.381143e-01
-1.089243e+00 -9.624449e-01
-1.020055e+00 -9.191981e-01
-1.139033e-01 -9.246399e-01
-7.452487e-01 -9.127336e-01
-5.643120e-02 -9.139249e-01
-6.567778e-01 -9.325640e-01
-7.090441e-02 -9.117227e-01
-8.327619e-02 -9.122190e-01
-7.277327e-01 -9.438508e-01
-9.708911e-01 -9.462041e-01
-5.528223e-01 -9.332491e-01
-1.057959e+00 -9.404385e-01
-1.148857e+00 -9.767253e-01
-9.215062e-01 -9.191422e-01
-9.394260e-01 -9.332364e-01
-1.162986e+00 -9.486506e-01
-8.875485e-01 -9.282264e-01
-1.076353e+00 -9.339271e-01
-7.535275e-01 -9.218811e-01
-6.609212e-01 -9.381374e-01
-1.131534e+00 -9.726774e-01
-9.671726e-01 -9.138925e-01
-1.009161e+00 -9.287913e-01
-7.719376e-01 -1.018622e+00
-5.747668e-01 -9.598926e-01
-8.564553e-01 -9.624512e-01
-9.117345e-01 -9.491715e-01
-6.986166e-01 -9.768413e-01
-1.078094e+00 -9.363524e-01
-4.346140e-01 -9.778330e-01
-6.079212e-01 -9.279990e-01
-4.136717e-01 -9.416951e-01
-9.254015e-01 -9.642637e-01
-8.876072e-01 -9.250582e-01
-7.724115e-01 -9.564970e-01
-9.108943e-01 -1.012542e+00
-8.176324e-01 -9.982911e-01
-1.099893e+00 -9.683987e-01
-8.582700e-01 -9.564655e-01
-5.350942e-01 -9.190984e-01
-8.452776e-01 -9.176578e-01
-1.504622e-01 -9.275371e-01
-9.006982e-01 -9.217428e-01
-6.656973e-01 -9.244911e-01
-1.044358e+00 -9.348237e-01
-7.668137e-01 -9.362811e-01
-7.321490e-01 -9.180259e-01
-3.569692e-01 -9.221954e-01
-8.098740e-01 -9.602490e-01
-8.627808e-01 -9.474638e-01
-1.029934e+00 -9.470186e-01
-1.116335e+00 -9.904447e-01
-1.103236e+00 -9.654338e-01
-1.011256e+00 -9.834080e-01
-6.914958e-01 -9.609415e-01
-7.456908e-01 -9.620079e-01
-1.274593e+00 -9.459031e-01
-9.206089e-01 -9.924459e-01
-1.019530e+00 -9.858302e-01
-1.176309e+00 -9.451101e-01
-9.601185e-01 -9.340056e-01
-1.250093e+00 -1.005809e+00
-1.147749e+00 -9.558172e-01
-1.037396e+00 -9.517831e-01
-1.349563e+00 -9.710467e-01
-1.514494e+00 -1.033056e+00
-8.615397e-01 -9.159824e-01
-1.050274e+00 -9.301631e-01
-7.659616e-01 -9.331178e-01
-1.290859e+00 -9.460760e-01
-1.432087e+00 -9.526938e-01
-1.032610e+00 -9.249697e-01
-9.790209e-01 -9.173395e-01
-1.000175e+00 -9.654073e-01
-1.116164e+00 -9.498649e-01
-1.270251e+00 -9.669067e-01
-6.361623e-01 -9.736437e-01
-1.030004e+00 -1.030201e+00
-1.075035e+00 -1.004953e+00
-2.614711e-01 -9.560853e-01
-6.015652e-01 -9.255723e-01
-9.499077e-01 -1.019860e+00
-1.006767e+00 -9.554639e-01
-1.212210e+00 -9.388675e-01
-1.125278e+00 -1.150446e+00
-1.253312e+00 -9.388449e-01
-1.062376e+00 -9.572090e-01
-1.001499e+00 -9.371083e-01
-6.804796e-01 -9.396831e-01
-9.536145e-01 -9.309136e-01
-1.189017e+00 -9.639711e-01
-8.844254e-01 -9.879009e-01
-1.066405e+00 -9.556924e-01
-7.212784e-01 -9.464259e-01
-7.526268e-01 -9.248340e-01
-1.083686e+00 -9.192029e-01
-9.074646e-01 -9.187968e-01
-1.008827e+00 -9.267730e-01
-1.153118e+00 -9.335018e-01
-1.209885e+00 -9.251935e-01
-9.306972e-01 -9.268728e-01
-8.860630e-01 -9.421571e-01
-8.498588e-01 -9.305393e-01
-1.171746e+00 -9.194309e-01
-8.942089e-01 -9.415328e-01
-8.152876e-01 -9.534923e-01
-1.266755e+00 -9.936647e-01
-1.142827e+00 -9.814961e-01
-7.195357e-01 -9.619855e-01
-1.279443e+00 -9.569806e-01
-1.031686e+00 -9.603122e-01
-1.235120e+00 -1.020087e+00
-1.412452e+00 -9.991221e-01
-1.370254e+00 -9.806488e-01
-1.018278e+00 -9.416810e-01
-1.057347e+00 -9.592183e-01
-1.052617e+00 -1.031234e+00
-1.331502e+00 -9.375281e-01
-1.244905e+00 -9.200873e-01
-1.098259e+00 -9.657177e-01
-1.457561e+00 -9.283465e-01
-1.322322e+00 -9.145482e-01
-1.450043e+00 -1.146310e+00
-1.033826e+00 -9.764536e-01
-1.081437e+00 -9.301944e-01
-9.636930e-01 -9.981100e-01
-1.016825e+00 -9.176547e-01
-9.795140e-01 -9.406344e-01
-9.192729e-01 -9.382843e-01
-1.040570e+00 -9.512920e-01
-3.523979e-01 -9.159899e-01
-4.787481e-01 -9.105084e-01
-5.272937e-01 -9.203675e-01
-1.370059e+00 -9.390931e-01
-1.166505e+00 -9.176345e-01
-9.751114e-01 -9.337760e-01
-9.679787e-01 -9.226819e-01
-1.147125e+00 -9.082771e-01
-9.216287e-01 -9.209741e-01
-9.637888e-01 -9.220597e-01
-9.417521e-01 -9.248358e-01
-1.034904e+00 -9.212942e-01
-7.872029e-01 -9.109867e-01
-7.390473e-01 -9.403276e-01
-1.139004e+00 -9.260262e-01
-1.083598e+00 -9.219032e-01
-5.918810e-01 -9.476889e-01
-6.109681e-01 -9.359825e-01
-9.138545e-01 -9.558783e-01
-8.030160e-01 -9.156059e-01
-1.184362e+00 -9.143326e-01
-7.702903e-01 -9.573692e-01
-6.767832e-01 -9.240702e-01
-5.984375e-01 -9.260868e-01
-1.074774e+00 -9.277800e-01
-6.435716e-01 -9.253056e-01
-1.249544e+00 -9.515698e-01
-1.154408e+00 -9.268135e-01
-8.329448e-01 -9.159901e-01
-3.946661e-01 -9.179998e-01
-1.279577e+00 -9.198892e-01
-7.717062e-01 -9.143867e-01
-7.351841e-01 -9.093205e-01
-8.785281e-01 -9.164134e-01
-5.015085e-01 -9.260678e-01
-6.386963e-01 -9.124294e-01
-7.190628e-01 -9.209293e-01
-4.332517e-01 -9.114739e-01
-8.205568e-01 -9.196727e-01
-5.486786e-01 -9.198572e-01
-7.133536e-01 -9.229033e-01
-5.396647e-01 -9.156920e-01
-1.093850e+00 -9.493526e-01
-1.206854e+00 -9.520299e-01
-1.073874e+00 -9.409211e-01
-8.985867e-01 -9.242384e-01
-1.080762e+00 -9.494843e-01
-1.191965e+00 -9.341921e-01
-7.879622e-01 -9.393305e-01
-8.269575e-01 -9.318994e-01
-1.233756e+00 -9.333415e-01
-1.237192e+00 -9.230527e-01
-9.406566e-01 -9.711643e-01
-1.454014e+00 -9.230793e-01
-8.347661e-01 -9.491981e-01
-1.319192e+00 -9.406502e-01
-1.001782e+00 -9.089333e-01
-9.667862e-01 -9.121008e-01
-1.091083e+00 -1.122753e+00
-8.080158e-01 -1.123455e+00
-1.133959e+00 -9.157597e-01
-1.087092e+00 -9.177656e-01
-7.361834e-01 -9.116692e-01
-1.060382e+00 -9.226072e-01
-8.916545e-01 -9.176041e-01
-1.246852e+00 -7.453021e-01
-1.153524e+00 -9.124211e-01
-1.057044e+00 -9.096591e-01
-1.333483e+00 -9.324772e-01
-1.229456e+00 -9.526492e-01
-9.387251e-01 -9.459953e-01
-9.368397e-01 -9.439637e-01
-1.372536e+00 -1.120228e+00
-1.071143e+00 -9.337246e-01
-8.294001e-01 -9.747626e-01
-4.460769e-01 -9.306021e-01
-8.366797e-01 -9.420267e-01
-9.127273e-01 -9.470870e-01
-1.296641e+00 -9.262165e-01
-9.340377e-01 -9.279156e-01
-9.559772e-01 -9.150503e-01
-9.884850e-01 -9.372260e-01
-1.075310e+00 -9.314114e-01
-9.156540e-01 -9.455720e-01
-1.076814e+00 -9.155650e-01
-8.978655e-01 -9.113486e-01
-1.041078e+00 -9.155647e-01
-1.103383e+00 -9.201535e-01
-8.237232e-01 -7.381988e-01
-7.238414e-01 -9.278467e-01
-1.162513e+00 -1.120210e+00
-5.433534e-01 -9.105313e-01
-6.522603e-01 -9.304181e-01
-1.240077e+00 -9.115607e-01
-1.241980e+00 -9.115092e-01
-1.008537e+00 -9.395721e-01
-1.129885e+00 -9.369015e-01
-9.991717e-01 -9.551411e-01
-8.434136e-01 -9.370744e-01
-1.294672e+00 -1.019153e+00
-1.182649e+00 -9.971958e-01
-1.012511e+00 -1.002460e+00
-1.371943e+00 -9.418186e-01
-1.209571e+00 -9.164436e-01
-1.215157e+00 -1.122731e+00
-1.360404e+00 -1.121238e+00
-1.561243e+00 -9.212344e-01
-1.022114e+00 -9.277506e-01
-1.260735e+00 -9.512089e-01
-1.277913e+00 -9.197764e-01
-8.734293e-01 -9.122210e-01
-1.441703e+00 -9.380935e-01
-1.223337e+00 -9.322397e-01
